College Basketball 2012-2013          Div I games only   through 2013 March 24 Sunday
                                RATING    W   L  SCHEDL(RANK) VS top 25 | VS top 50 | ELO_SCORE    | PREDICTOR  
                HOME ADVANTAGE=[  3.45]                                               [  3.38]       [  3.42]
   1  Louisville              =  95.09   31   5   79.58(  16)    5   3  |   13   5  |   95.00    1 |   95.14    1
   2  Florida                 =  92.96   28   7   78.93(  26)    4   3  |    8   5  |   91.88    4 |   94.48    2
   3  Indiana                 =  92.88   29   6   79.86(  13)   10   4  |   12   6  |   92.28    2 |   93.54    3
   4  Ohio State              =  91.79   28   7   80.20(   9)    8   6  |   10   7  |   92.00    3 |   91.55    4
   5  Duke                    =  91.53   29   5   80.33(   7)    9   2  |   12   5  |   91.50    6 |   91.52    5
   6  Kansas                  =  91.49   31   5   78.48(  39)    6   1  |   12   3  |   91.68    5 |   91.26    6
   7  Michigan State          =  90.89   26   8   81.56(   2)    8   7  |   10   8  |   91.13    7 |   90.62    7
   8  Michigan                =  90.28   27   7   80.12(  10)    8   6  |   10   6  |   90.21    8 |   90.29    8
   9  Gonzaga                 =  89.90   31   3   75.67( 104)    1   0  |    6   3  |   89.55    9 |   90.25    9
  10  Syracuse                =  89.14   28   9   79.25(  19)    3   6  |    7   9  |   88.57   12 |   89.75   10
College Basketball 2012-2013          Div I games only   through 2013 March 24 Sunday
                                RATING    W   L  SCHEDL(RANK) VS top 25 | VS top 50 | ELO_SCORE    | PREDICTOR  
                HOME ADVANTAGE=[  3.45]                                               [  3.38]       [  3.42]
  11  Miami-Florida           =  88.97   29   6   79.67(  15)    7   2  |   11   2  |   89.27   10 |   88.65   12
  12  Wisconsin               =  88.45   23  12   81.85(   1)    7   9  |    9  11  |   87.72   14 |   89.25   11
  13  Georgetown              =  88.32   25   7   79.03(  23)    4   4  |    9   5  |   88.65   11 |   87.96   14
  14  Pittsburgh              =  87.61   24   9   76.94(  82)    2   5  |    6   8  |   87.00   17 |   88.25   13
  15  Saint Louis             =  87.38   28   7   76.19( 100)    2   1  |    7   3  |   87.76   13 |   86.98   18
  16  Arizona                 =  87.31   27   7   78.48(  40)    2   0  |    3   4  |   87.13   16 |   87.46   15
  17  North Carolina          =  86.78   24  11   80.04(  11)    1   8  |    7  10  |   87.24   15 |   86.31   20
  18  Creighton               =  86.65   28   8   76.83(  84)    1   1  |    4   3  |   86.61   19 |   86.64   19
  19  Missouri                =  86.58   23  11   78.01(  52)    2   2  |    5   7  |   86.14   23 |   87.01   17
  20  VCU(Va. Commonwealth)   =  86.17   27   9   77.19(  72)    0   5  |    3   8  |   85.28   30 |   87.19   16
College Basketball 2012-2013          Div I games only   through 2013 March 24 Sunday
                                RATING    W   L  SCHEDL(RANK) VS top 25 | VS top 50 | ELO_SCORE    | PREDICTOR  
                HOME ADVANTAGE=[  3.45]                                               [  3.38]       [  3.42]
  21  Kansas State            =  85.99   26   8   78.51(  38)    1   5  |    6   8  |   86.80   18 |   85.22   31
  22  Marquette               =  85.95   25   8   79.45(  17)    5   3  |    8   7  |   86.42   21 |   85.47   27
  23  NC State                =  85.88   24  11   78.70(  30)    2   5  |    4   9  |   86.22   22 |   85.50   26
  24  Minnesota               =  85.83   21  13   81.55(   3)    4   8  |    7  10  |   85.46   29 |   86.17   21
  25  Iowa                    =  85.77   23  12   77.81(  59)    2   8  |    4   9  |   85.88   25 |   85.62   23
  26  Oklahoma State          =  85.68   24   9   78.35(  45)    3   4  |    6   7  |   85.60   28 |   85.70   22
  27  New Mexico              =  85.66   29   6   78.25(  49)    0   1  |    8   3  |   86.60   20 |   84.80   33
  28  Mississippi             =  85.61   27   9   76.44(  95)    4   2  |    5   4  |   85.61   27 |   85.55   24
  29  Iowa State              =  85.54   23  12   78.59(  35)    1   6  |    5   9  |   85.69   26 |   85.34   28
  30  Wichita State           =  85.30   28   8   76.44(  96)    5   2  |    5   2  |   85.20   31 |   85.33   29
College Basketball 2012-2013          Div I games only   through 2013 March 24 Sunday
                                RATING    W   L  SCHEDL(RANK) VS top 25 | VS top 50 | ELO_SCORE    | PREDICTOR  
                HOME ADVANTAGE=[  3.45]                                               [  3.38]       [  3.42]
  31  Memphis                 =  85.12   31   5   74.93( 112)    0   4  |    1   4  |   86.09   24 |   84.25   37
  32  Notre Dame              =  85.00   25  10   78.46(  42)    3   5  |    7   7  |   85.14   32 |   84.81   32
  33  Baylor                  =  84.88   19  14   78.26(  48)    1   4  |    3   8  |   84.27   36 |   85.51   25
  34  Saint Mary's-Cal.       =  84.88   27   7   74.70( 113)    1   3  |    1   4  |   84.47   35 |   85.27   30
  35  Oregon                  =  84.73   28   8   76.96(  81)    2   0  |    6   1  |   85.14   33 |   84.30   36
  36  Virginia                =  84.37   23  11   75.88( 102)    4   3  |    6   3  |   84.09   38 |   84.62   35
  37  San Diego State         =  84.03   21  11   77.85(  57)    0   2  |    3   7  |   83.95   41 |   84.06   38
  38  Illinois                =  84.01   22  13   81.16(   4)    5  11  |    6  11  |   83.99   40 |   83.97   39
  39  Colorado State          =  84.00   24   9   77.71(  61)    1   1  |    3   6  |   84.13   37 |   83.83   41
  40  Cincinnati              =  83.98   22  12   78.94(  25)    2   6  |    7  10  |   84.02   39 |   83.90   40
College Basketball 2012-2013          Div I games only   through 2013 March 24 Sunday
                                RATING    W   L  SCHEDL(RANK) VS top 25 | VS top 50 | ELO_SCORE    | PREDICTOR  
                HOME ADVANTAGE=[  3.45]                                               [  3.38]       [  3.42]
  41  Kentucky                =  83.75   21  12   77.75(  60)    2   3  |    4   6  |   82.93   48 |   84.65   34
  42  Butler                  =  83.56   26   9   78.91(  27)    4   5  |    6   7  |   84.63   34 |   82.59   48
  43  UNLV                    =  83.42   24  10   77.13(  75)    0   1  |    6   5  |   83.57   42 |   83.23   42
  44  Maryland                =  83.19   24  12   76.36(  98)    3   5  |    3   8  |   83.35   43 |   82.98   43
  45  Villanova               =  83.09   19  14   80.29(   8)    4   5  |    5  10  |   83.30   44 |   82.83   44
  46  UCLA                    =  83.02   25  10   78.86(  28)    4   2  |    4   5  |   83.23   45 |   82.76   45
  47  La Salle                =  82.89   24   9   77.03(  78)    2   2  |    5   4  |   83.10   46 |   82.64   47
  48  Connecticut             =  82.68   20  10   78.85(  29)    2   5  |    4   8  |   83.01   47 |   82.31   51
  49  Alabama                 =  82.63   22  12   77.61(  62)    0   4  |    2   6  |   82.52   51 |   82.68   46
  50  Temple                  =  82.49   24  10   77.21(  70)    4   3  |    6   4  |   82.91   49 |   82.04   55
College Basketball 2012-2013          Div I games only   through 2013 March 24 Sunday
                                RATING    W   L  SCHEDL(RANK) VS top 25 | VS top 50 | ELO_SCORE    | PREDICTOR  
                HOME ADVANTAGE=[  3.45]                                               [  3.38]       [  3.42]
  51  Oklahoma                =  82.44   20  12   79.11(  21)    1   4  |    5   8  |   82.61   50 |   82.22   53
  52  Colorado                =  82.23   21  12   79.25(  20)    1   3  |    5   5  |   82.17   52 |   82.24   52
  53  Stanford                =  82.18   19  15   78.58(  36)    0   4  |    1   8  |   82.13   53 |   82.18   54
  54  California              =  81.90   21  12   78.67(  31)    1   3  |    5   5  |   81.98   54 |   81.77   56
  55  Belmont                 =  81.86   24   7   72.70( 153)    0   3  |    0   3  |   81.33   57 |   82.39   50
  56  Purdue                  =  81.79   16  17   79.39(  18)    3   8  |    4  11  |   81.75   55 |   81.77   57
  57  Tennessee               =  81.58   20  13   78.60(  34)    2   1  |    5   9  |   81.56   56 |   81.54   58
  58  Middle Tennessee        =  81.41   28   6   71.33( 192)    0   1  |    1   2  |   80.36   61 |   82.57   49
  59  Southern Miss           =  81.01   24   9   75.08( 109)    0   1  |    0   5  |   80.63   59 |   81.36   61
  60  Davidson                =  80.90   25   8   70.28( 245)    0   3  |    0   4  |   80.35   62 |   81.43   60
College Basketball 2012-2013          Div I games only   through 2013 March 24 Sunday
                                RATING    W   L  SCHEDL(RANK) VS top 25 | VS top 50 | ELO_SCORE    | PREDICTOR  
                HOME ADVANTAGE=[  3.45]                                               [  3.38]       [  3.42]
  61  Arkansas                =  80.79   19  13   77.19(  71)    2   5  |    3   7  |   80.57   60 |   80.96   63
  62  Denver                  =  80.75   22  10   73.04( 141)    0   0  |    0   2  |   80.07   66 |   81.44   59
  63  Boise State             =  80.54   19  11   77.36(  68)    1   1  |    4   8  |   80.84   58 |   80.20   67
  64  Dayton                  =  80.44   17  14   76.20(  99)    0   2  |    1   6  |   80.32   63 |   80.51   65
  65  Valparaiso              =  80.32   25   8   72.17( 168)    0   2  |    0   3  |   80.14   64 |   80.45   66
  66  BYU                     =  80.30   21  11   74.43( 119)    0   2  |    0   7  |   80.01   69 |   80.54   64
  67  Illinois State          =  80.08   18  15   75.64( 106)    1   2  |    1   5  |   79.20   78 |   80.99   62
  68  Providence              =  80.06   18  14   77.44(  64)    0   6  |    4   9  |   80.14   65 |   79.92   70
  69  Northern Iowa           =  79.98   19  14   76.80(  86)    1   3  |    3   6  |   80.01   68 |   79.89   71
  70  Stony Brook-NY          =  79.97   24   8   70.48( 234)    0   1  |    0   3  |   79.87   72 |   80.01   69
College Basketball 2012-2013          Div I games only   through 2013 March 24 Sunday
                                RATING    W   L  SCHEDL(RANK) VS top 25 | VS top 50 | ELO_SCORE    | PREDICTOR  
                HOME ADVANTAGE=[  3.45]                                               [  3.38]       [  3.42]
  71  Xavier-Ohio             =  79.87   17  14   77.52(  63)    1   1  |    5   3  |   79.99   70 |   79.70   72
  72  Arizona State           =  79.77   22  13   75.99( 101)    0   3  |    1   7  |   80.02   67 |   79.48   74
  73  Saint Joseph's-Pa.      =  79.65   18  14   76.59(  91)    0   4  |    2   7  |   79.17   79 |   80.11   68
  74  Akron                   =  79.43   25   7   72.47( 159)    0   2  |    0   3  |   79.92   71 |   78.92   78
  75  Washington              =  79.43   18  16   78.45(  44)    1   3  |    1  10  |   79.66   75 |   79.16   75
  76  Vanderbilt              =  79.38   16  17   77.86(  56)    0   2  |    1  10  |   79.22   77 |   79.49   73
  77  Bucknell                =  79.28   27   6   71.46( 187)    0   1  |    1   2  |   79.75   73 |   78.77   81
  78  Texas                   =  79.25   16  17   78.34(  46)    1   7  |    3  12  |   79.66   74 |   78.81   79
  79  Georgia                 =  79.17   15  17   77.83(  58)    0   4  |    1   8  |   79.60   76 |   78.70   82
  80  Massachusetts           =  78.92   21  12   76.73(  88)    0   5  |    2   7  |   78.99   80 |   78.79   80
College Basketball 2012-2013          Div I games only   through 2013 March 24 Sunday
                                RATING    W   L  SCHEDL(RANK) VS top 25 | VS top 50 | ELO_SCORE    | PREDICTOR  
                HOME ADVANTAGE=[  3.45]                                               [  3.38]       [  3.42]
  81  Evansville              =  78.73   19  14   74.95( 111)    0   2  |    2   5  |   78.85   83 |   78.55   85
  82  Detroit                 =  78.70   18  13   74.68( 114)    0   3  |    0   5  |   78.25   87 |   79.12   76
  83  Richmond                =  78.63   19  14   75.67( 105)    1   4  |    1   7  |   78.16   91 |   79.07   77
  84  LSU                     =  78.59   19  12   76.53(  93)    1   4  |    2   7  |   78.90   82 |   78.23   87
  85  Weber State             =  78.48   26   6   67.36( 329)    0   0  |    0   0  |   78.23   89 |   78.69   83
  86  Florida Gulf Coast      =  78.47   24  10   71.73( 182)    2   2  |    3   3  |   78.85   84 |   78.05   90
  87  Stephen F. Austin       =  78.45   23   5   68.49( 308)    0   0  |    0   0  |   78.90   81 |   77.96   91
  88  Ohio                    =  78.36   24  10   71.66( 184)    0   0  |    0   1  |   78.03   93 |   78.66   84
  89  New Mexico State        =  78.23   23  11   73.24( 136)    0   1  |    0   3  |   78.55   85 |   77.86   92
  90  Mercer                  =  78.21   22  11   70.78( 220)    0   0  |    1   1  |   78.55   86 |   77.83   93
College Basketball 2012-2013          Div I games only   through 2013 March 24 Sunday
                                RATING    W   L  SCHEDL(RANK) VS top 25 | VS top 50 | ELO_SCORE    | PREDICTOR  
                HOME ADVANTAGE=[  3.45]                                               [  3.38]       [  3.42]
  91  Texas A&M               =  78.17   18  15   77.07(  76)    1   3  |    3   6  |   78.14   92 |   78.13   88
  92  Boston College          =  78.01   16  17   78.32(  47)    0   8  |    2  11  |   78.24   88 |   77.74   94
  93  Washington State        =  77.84   13  19   76.67(  89)    0   4  |    1   7  |   77.50  100 |   78.13   89
  94  Georgia Tech            =  77.76   16  15   77.17(  73)    1   6  |    4   8  |   77.78   97 |   77.69   95
  95  Louisiana Tech          =  77.75   26   6   71.06( 207)    0   0  |    0   0  |   77.86   95 |   77.59   97
  96  Florida State           =  77.67   18  16   79.00(  24)    1   9  |    4  10  |   78.21   90 |   77.10  104
  97  St. John's              =  77.67   17  16   78.57(  37)    0   6  |    3  11  |   77.97   94 |   77.32  100
  98  South Dakota State      =  77.56   22  10   70.67( 224)    0   2  |    1   3  |   77.56   99 |   77.51   99
  99  Iona                    =  77.51   20  14   73.89( 124)    0   1  |    0   2  |   77.86   96 |   77.11  103
 100  Rutgers                 =  77.43   15  16   78.48(  41)    1   5  |    1  12  |   77.19  104 |   77.62   96
College Basketball 2012-2013          Div I games only   through 2013 March 24 Sunday
                                RATING    W   L  SCHEDL(RANK) VS top 25 | VS top 50 | ELO_SCORE    | PREDICTOR  
                HOME ADVANTAGE=[  3.45]                                               [  3.38]       [  3.42]
 101  Harvard                 =  77.41   19  10   73.50( 130)    0   1  |    1   4  |   77.75   98 |   77.02  106
 102  Princeton               =  77.39   16  11   72.21( 164)    0   1  |    0   1  |   77.20  103 |   77.53   98
 103  North Dakota State      =  77.36   22  10   70.28( 244)    0   2  |    0   2  |   76.34  113 |   78.40   86
 104  UTEP                    =  77.25   18  14   74.66( 115)    0   1  |    1   4  |   77.44  101 |   77.02  107
 105  Oregon State            =  77.22   14  18   76.88(  83)    0   2  |    0   6  |   77.13  105 |   77.26  101
 106  Southern California     =  77.21   14  18   79.72(  14)    1   3  |    2   8  |   77.31  102 |   77.06  105
 107  Clemson                 =  77.06   13  18   77.42(  65)    0   8  |    1  10  |   76.92  108 |   77.15  102
 108  Santa Clara             =  76.92   20  11   72.44( 160)    1   3  |    1   5  |   77.08  107 |   76.72  108
 109  West Virginia           =  76.67   13  19   78.62(  32)    0   6  |    0  12  |   76.64  110 |   76.65  109
 110  Nebraska                =  76.52   15  18   81.04(   5)    2  12  |    2  15  |   77.12  106 |   75.88  116
College Basketball 2012-2013          Div I games only   through 2013 March 24 Sunday
                                RATING    W   L  SCHEDL(RANK) VS top 25 | VS top 50 | ELO_SCORE    | PREDICTOR  
                HOME ADVANTAGE=[  3.45]                                               [  3.38]       [  3.42]
 111  Loyola-Maryland         =  76.46   23  11   71.84( 178)    0   0  |    0   1  |   76.69  109 |   76.18  114
 112  Utah State              =  76.16   20  10   71.22( 196)    0   0  |    0   1  |   75.93  120 |   76.34  113
 113  Fresno State            =  76.05    9  19   78.62(  33)    0   0  |    2   8  |   76.30  114 |   75.75  117
 114  St. Bonaventure         =  76.02   14  15   75.80( 103)    0   3  |    1   6  |   75.93  119 |   76.06  115
 115  George Washington       =  75.99   13  17   76.80(  85)    0   3  |    0   8  |   75.54  126 |   76.41  111
 116  Lehigh                  =  75.95   20  10   70.31( 242)    0   2  |    0   3  |   75.50  127 |   76.37  112
 117  Air Force               =  75.94   16  14   77.41(  66)    0   1  |    3   8  |   76.57  111 |   75.28  126
 118  Indiana State           =  75.93   17  15   77.92(  54)    2   3  |    4   7  |   76.08  118 |   75.72  118
 119  Seton Hall              =  75.91   15  18   77.91(  55)    0   8  |    1  11  |   75.35  129 |   76.44  110
 120  Utah                    =  75.90   13  18   78.03(  51)    0   2  |    1   5  |   76.38  112 |   75.38  124
College Basketball 2012-2013          Div I games only   through 2013 March 24 Sunday
                                RATING    W   L  SCHEDL(RANK) VS top 25 | VS top 50 | ELO_SCORE    | PREDICTOR  
                HOME ADVANTAGE=[  3.45]                                               [  3.38]       [  3.42]
 121  Wyoming                 =  75.84   18  13   76.55(  92)    0   0  |    1   8  |   76.27  115 |   75.36  125
 122  South Florida           =  75.84   12  19   79.04(  22)    1   6  |    2  12  |   76.08  117 |   75.54  121
 123  Wake Forest             =  75.73   13  18   78.24(  50)    2   4  |    3   8  |   75.91  121 |   75.49  122
 124  Northwestern            =  75.71   13  19   80.04(  12)    1  11  |    3  14  |   75.81  122 |   75.55  120
 125  Central Florida(UCF)    =  75.71   18  11   73.34( 133)    0   2  |    0   4  |   75.76  123 |   75.60  119
 126  Charlotte               =  75.51   21  12   75.42( 107)    0   4  |    2   6  |   76.25  116 |   74.75  134
 127  Drake                   =  75.37   14  17   76.61(  90)    1   2  |    1   6  |   75.54  125 |   75.16  130
 128  Penn State              =  75.37   10  21   80.93(   6)    1  12  |    1  14  |   75.42  128 |   75.27  127
 129  Green Bay               =  75.22   17  16   72.79( 148)    1   1  |    1   2  |   75.18  131 |   75.22  128
 130  Kent State              =  75.18   20  14   72.38( 161)    0   0  |    0   1  |   75.14  132 |   75.16  129
College Basketball 2012-2013          Div I games only   through 2013 March 24 Sunday
                                RATING    W   L  SCHEDL(RANK) VS top 25 | VS top 50 | ELO_SCORE    | PREDICTOR  
                HOME ADVANTAGE=[  3.45]                                               [  3.38]       [  3.42]
 131  Murray State            =  75.15   19  10   71.04( 208)    0   0  |    0   0  |   75.33  130 |   74.92  132
 132  Wright State            =  75.10   21  12   71.76( 181)    0   0  |    0   1  |   74.70  136 |   75.45  123
 133  George Mason            =  75.08   19  14   73.23( 137)    0   0  |    1   2  |   75.06  133 |   75.05  131
 134  Eastern Kentucky        =  74.77   23  10   70.29( 243)    0   0  |    0   1  |   74.66  137 |   74.82  133
 135  Canisius                =  74.65   20  13   72.91( 146)    0   1  |    1   2  |   74.73  135 |   74.50  136
 136  Manhattan               =  74.52   14  18   73.73( 128)    0   1  |    0   1  |   74.58  139 |   74.42  137
 137  East Carolina           =  74.37   16  12   73.41( 132)    0   1  |    0   3  |   74.41  141 |   74.28  138
 138  Robert Morris           =  74.33   24  10   68.34( 314)    0   0  |    1   0  |   74.01  144 |   74.60  135
 139  Niagara                 =  74.14   19  14   72.71( 152)    0   0  |    0   2  |   74.22  142 |   74.01  139
 140  Virginia Tech           =  74.10   13  19   78.46(  43)    1   7  |    2  12  |   74.54  140 |   73.61  145
College Basketball 2012-2013          Div I games only   through 2013 March 24 Sunday
                                RATING    W   L  SCHEDL(RANK) VS top 25 | VS top 50 | ELO_SCORE    | PREDICTOR  
                HOME ADVANTAGE=[  3.45]                                               [  3.38]       [  3.42]
 141  Montana                 =  74.08   23   7   69.06( 287)    0   1  |    0   2  |   75.58  124 |   72.58  162
 142  Pacific                 =  74.05   20  13   73.13( 139)    0   2  |    1   3  |   74.91  134 |   73.15  154
 143  Northwestern State      =  74.03   19   9   70.57( 225)    0   1  |    0   1  |   74.58  138 |   73.42  149
 144  Vermont                 =  74.00   21  12   69.43( 275)    0   0  |    0   1  |   73.94  145 |   74.01  140
 145  Drexel                  =  73.92   13  18   73.04( 142)    0   0  |    0   1  |   73.83  147 |   73.95  141
 146  San Francisco           =  73.80   13  16   74.47( 117)    0   2  |    0   6  |   74.04  143 |   73.51  148
 147  Oral Roberts            =  73.75   18  14   70.78( 219)    0   1  |    0   2  |   73.93  146 |   73.51  147
 148  UAB                     =  73.65   15  17   74.42( 120)    0   2  |    0   4  |   73.55  151 |   73.70  144
 149  Tulane                  =  73.52   19  15   70.86( 217)    0   0  |    1   2  |   73.09  157 |   73.91  142
 150  Delaware                =  73.44   19  14   72.89( 147)    0   3  |    1   6  |   73.82  148 |   73.01  156
College Basketball 2012-2013          Div I games only   through 2013 March 24 Sunday
                                RATING    W   L  SCHEDL(RANK) VS top 25 | VS top 50 | ELO_SCORE    | PREDICTOR  
                HOME ADVANTAGE=[  3.45]                                               [  3.38]       [  3.42]
 151  College of Charleston   =  73.32   24  10   69.36( 276)    0   1  |    1   1  |   73.27  154 |   73.31  150
 152  UC Irvine               =  73.29   19  15   72.19( 165)    0   0  |    0   2  |   73.79  149 |   72.74  160
 153  Western Michigan        =  73.20   20  12   71.26( 194)    0   2  |    0   2  |   73.07  158 |   73.28  151
 154  James Madison           =  73.19   21  15   71.12( 203)    0   1  |    0   2  |   73.34  153 |   72.98  157
 155  Arkansas State          =  73.18   18  12   69.05( 288)    0   0  |    0   0  |   72.46  166 |   73.85  143
 156  Texas-Arlington         =  73.13   19  14   72.00( 173)    0   0  |    0   1  |   73.11  156 |   73.09  155
 157  Rider                   =  73.12   19  15   72.74( 150)    0   0  |    0   1  |   73.50  152 |   72.69  161
 158  Albany-NY               =  73.11   24  11   68.92( 293)    0   2  |    0   2  |   72.92  160 |   73.25  152
 159  Boston U.               =  73.10   17  13   70.34( 241)    0   0  |    0   0  |   73.23  155 |   72.92  158
 160  Houston                 =  73.07   19  12   69.25( 279)    0   0  |    0   1  |   72.57  165 |   73.53  146
College Basketball 2012-2013          Div I games only   through 2013 March 24 Sunday
                                RATING    W   L  SCHEDL(RANK) VS top 25 | VS top 50 | ELO_SCORE    | PREDICTOR  
                HOME ADVANTAGE=[  3.45]                                               [  3.38]       [  3.42]
 161  Fairfield               =  73.07   19  16   72.53( 157)    0   0  |    0   1  |   72.86  162 |   73.23  153
 162  Long Beach State        =  72.95   17  14   74.16( 122)    0   4  |    0   6  |   73.73  150 |   72.12  171
 163  Tennessee State         =  72.62   16  15   72.57( 156)    0   2  |    0   2  |   72.89  161 |   72.31  166
 164  Nevada                  =  72.59   11  19   77.01(  80)    0   0  |    0   9  |   72.72  164 |   72.40  164
 165  DePaul                  =  72.39   11  21   77.37(  67)    0   6  |    0  13  |   71.96  173 |   72.77  159
 166  San Diego               =  72.38   14  18   74.29( 121)    0   2  |    0   6  |   72.76  163 |   71.94  175
 167  Cal Poly-SLO            =  72.34   16  14   72.13( 170)    0   0  |    1   1  |   73.05  159 |   71.56  184
 168  Georgia State           =  72.21   14  16   71.22( 195)    0   1  |    0   1  |   71.93  175 |   72.45  163
 169  Lafayette               =  72.19   18  15   70.53( 228)    0   1  |    0   3  |   71.99  171 |   72.34  165
 170  Northeastern            =  72.17   20  13   71.89( 177)    0   0  |    0   2  |   72.36  167 |   71.92  176
College Basketball 2012-2013          Div I games only   through 2013 March 24 Sunday
                                RATING    W   L  SCHEDL(RANK) VS top 25 | VS top 50 | ELO_SCORE    | PREDICTOR  
                HOME ADVANTAGE=[  3.45]                                               [  3.38]       [  3.42]
 171  Tulsa                   =  72.09   16  16   73.80( 127)    0   1  |    0   4  |   72.31  168 |   71.81  180
 172  Long Island U.          =  72.07   20  14   68.36( 313)    0   0  |    0   2  |   72.20  169 |   71.89  178
 173  Auburn                  =  72.01    9  23   77.13(  74)    0   2  |    1   8  |   71.76  179 |   72.20  168
 174  Loyola-Chicago          =  72.00   14  16   71.34( 191)    0   1  |    0   1  |   71.77  178 |   72.17  169
 175  Towson                  =  71.96   17  13   72.08( 171)    0   1  |    0   2  |   71.95  174 |   71.92  177
 176  Western Kentucky        =  71.93   19  16   71.12( 204)    0   4  |    0   4  |   71.65  181 |   72.16  170
 177  Toledo                  =  71.89   15  13   70.47( 236)    0   1  |    0   1  |   71.99  172 |   71.75  182
 178  Buffalo                 =  71.85   12  20   73.11( 140)    0   0  |    0   1  |   71.82  176 |   71.83  179
 179  Western Illinois        =  71.79   20   9   69.00( 291)    0   0  |    0   0  |   71.77  177 |   71.75  181
 180  Bradley                 =  71.77   18  16   73.86( 125)    0   3  |    0   5  |   72.04  170 |   71.45  185
College Basketball 2012-2013          Div I games only   through 2013 March 24 Sunday
                                RATING    W   L  SCHEDL(RANK) VS top 25 | VS top 50 | ELO_SCORE    | PREDICTOR  
                HOME ADVANTAGE=[  3.45]                                               [  3.38]       [  3.42]
 181  SMU                     =  71.74   14  17   71.94( 176)    0   0  |    0   1  |   71.43  187 |   71.99  174
 182  Army                    =  71.69   15  15   69.46( 272)    0   0  |    0   0  |   71.23  191 |   72.09  172
 183  USC Upstate             =  71.68   14  17   70.55( 227)    0   2  |    0   3  |   71.58  183 |   71.72  183
 184  Charleston Southern     =  71.65   16  13   68.40( 311)    0   1  |    0   3  |   71.24  190 |   71.99  173
 185  Wagner                  =  71.58   19  12   68.81( 298)    0   1  |    0   2  |   71.76  180 |   71.35  187
 186  Rhode Island            =  71.39    8  21   77.02(  79)    1   2  |    1   6  |   71.49  186 |   71.24  188
 187  South Carolina          =  71.38   14  18   74.64( 116)    0   3  |    1   5  |   71.59  182 |   71.11  189
 188  Texas Southern          =  71.10   17  14   66.63( 337)    0   2  |    0   3  |   69.88  207 |   72.24  167
 189  Marshall                =  71.09   12  19   73.82( 126)    0   0  |    0   5  |   71.55  184 |   70.58  195
 190  Southern Illinois       =  71.04   13  17   75.25( 108)    0   3  |    1   4  |   71.53  185 |   70.50  196
College Basketball 2012-2013          Div I games only   through 2013 March 24 Sunday
                                RATING    W   L  SCHEDL(RANK) VS top 25 | VS top 50 | ELO_SCORE    | PREDICTOR  
                HOME ADVANTAGE=[  3.45]                                               [  3.38]       [  3.42]
 191  Youngstown State        =  70.97   15  16   72.62( 154)    0   0  |    0   0  |   71.27  189 |   70.62  194
 192  Missouri State          =  70.80    9  22   76.77(  87)    0   2  |    0   7  |   71.36  188 |   70.18  203
 193  Fla. International      =  70.72   18  14   71.18( 197)    0   1  |    0   1  |   70.62  197 |   70.77  191
 194  Yale                    =  70.68   12  17   72.91( 145)    0   1  |    0   3  |   70.58  199 |   70.74  193
 195  Illinois-Chicago        =  70.66   17  16   72.77( 149)    0   0  |    1   1  |   70.92  193 |   70.34  198
 196  Columbia                =  70.65   10  16   70.70( 223)    0   0  |    1   0  |   70.52  200 |   70.74  192
 197  South Alabama           =  70.56   16  13   70.48( 233)    0   0  |    0   0  |   70.61  198 |   70.44  197
 198  NC Central              =  70.49   19   9   67.14( 333)    0   1  |    0   2  |   70.08  204 |   70.85  190
 199  Southern U.             =  70.47   20  10   64.45( 347)    0   1  |    0   2  |   69.45  217 |   71.42  186
 200  Loyola Marymount        =  70.45   10  22   74.45( 118)    0   4  |    0   7  |   70.90  195 |   69.93  206
College Basketball 2012-2013          Div I games only   through 2013 March 24 Sunday
                                RATING    W   L  SCHEDL(RANK) VS top 25 | VS top 50 | ELO_SCORE    | PREDICTOR  
                HOME ADVANTAGE=[  3.45]                                               [  3.38]       [  3.42]
 201  Quinnipiac              =  70.37   15  16   69.46( 271)    0   0  |    0   1  |   70.46  201 |   70.22  201
 202  Oakland-Mich.           =  70.22   14  17   73.04( 143)    0   2  |    0   3  |   70.15  203 |   70.24  200
 203  Mount St. Mary's        =  70.21   18  14   69.68( 264)    0   3  |    0   3  |   70.92  194 |   69.44  214
 204  Texas Tech              =  70.16   11  20   77.07(  77)    0   6  |    1  12  |   70.88  196 |   69.36  215
 205  Idaho                   =  70.12   11  18   73.25( 134)    0   0  |    0   1  |   69.97  205 |   70.21  202
 206  Gardner-Webb            =  70.03   18  13   68.01( 318)    0   2  |    0   3  |   69.75  210 |   70.24  199
 207  Elon                    =  70.01   19  12   68.81( 297)    0   1  |    0   2  |   69.80  208 |   70.16  204
 208  Stetson                 =  70.00   14  16   70.55( 226)    0   2  |    0   2  |   70.42  202 |   69.53  212
 209  Mississippi State       =  69.92   10  22   77.33(  69)    0   5  |    1   9  |   71.03  192 |   68.70  222
 210  SE Missouri State(SEMO) =  69.77   15  16   67.89( 321)    0   2  |    0   2  |   69.66  214 |   69.83  209
College Basketball 2012-2013          Div I games only   through 2013 March 24 Sunday
                                RATING    W   L  SCHEDL(RANK) VS top 25 | VS top 50 | ELO_SCORE    | PREDICTOR  
                HOME ADVANTAGE=[  3.45]                                               [  3.38]       [  3.42]
 211  Morgan State            =  69.75   17  15   67.70( 328)    0   0  |    0   1  |   69.40  218 |   70.04  205
 212  Bryant                  =  69.71   19  12   68.63( 302)    0   1  |    0   1  |   69.47  216 |   69.88  207
 213  William & Mary          =  69.70   12  17   71.17( 198)    0   0  |    0   0  |   69.52  215 |   69.84  208
 214  Hawai'i                 =  69.70   16  15   69.68( 265)    0   1  |    0   4  |   69.68  212 |   69.66  211
 215  Norfolk State           =  69.65   21  12   67.88( 323)    0   1  |    0   3  |   69.91  206 |   69.33  216
 216  Savannah State          =  69.61   17  15   69.05( 290)    0   4  |    0   4  |   69.68  213 |   69.49  213
 217  CS Fullerton            =  69.49   12  18   70.50( 230)    0   0  |    0   0  |   69.77  209 |   69.16  219
 218  UC Santa Barbara        =  69.37    9  20   73.01( 144)    0   0  |    0   1  |   69.70  211 |   68.98  220
 219  Bowling Green           =  69.34   11  19   71.53( 186)    0   1  |    0   2  |   68.79  224 |   69.82  210
 220  NC Asheville            =  68.94   13  16   69.81( 260)    0   2  |    0   2  |   68.55  230 |   69.26  218
College Basketball 2012-2013          Div I games only   through 2013 March 24 Sunday
                                RATING    W   L  SCHEDL(RANK) VS top 25 | VS top 50 | ELO_SCORE    | PREDICTOR  
                HOME ADVANTAGE=[  3.45]                                               [  3.38]       [  3.42]
 221  Ark.-Little Rock        =  68.83   16  15   70.41( 237)    0   0  |    0   2  |   69.16  220 |   68.44  224
 222  North Florida(UNF)      =  68.79   12  19   72.13( 169)    0   3  |    0   5  |   69.26  219 |   68.26  229
 223  Jacksonville State      =  68.79   15  11   69.86( 257)    0   0  |    0   2  |   68.71  227 |   68.81  221
 224  High Point              =  68.68   15  14   67.32( 331)    0   0  |    0   0  |   67.98  238 |   69.30  217
 225  Morehead State          =  68.65   13  18   72.33( 162)    0   0  |    0   2  |   68.86  222 |   68.38  226
 226  Eastern Michigan        =  68.59   13  18   71.14( 202)    0   2  |    0   3  |   69.00  221 |   68.12  237
 227  Florida Atlantic        =  68.55   13  18   70.51( 229)    0   2  |    0   2  |   68.72  225 |   68.32  228
 228  UC Davis                =  68.40   14  17   70.34( 240)    0   0  |    0   1  |   68.82  223 |   67.91  241
 229  Marist                  =  68.29   10  21   72.52( 158)    0   0  |    0   0  |   68.38  231 |   68.16  235
 230  Sam Houston State       =  68.26   14  17   68.96( 292)    0   1  |    0   1  |   68.24  236 |   68.23  232
College Basketball 2012-2013          Div I games only   through 2013 March 24 Sunday
                                RATING    W   L  SCHEDL(RANK) VS top 25 | VS top 50 | ELO_SCORE    | PREDICTOR  
                HOME ADVANTAGE=[  3.45]                                               [  3.38]       [  3.42]
 231  Brown                   =  68.17   12  15   70.79( 218)    0   0  |    0   1  |   68.35  232 |   67.93  240
 232  TCU                     =  68.17   10  21   76.43(  97)    1   3  |    1   9  |   68.26  235 |   68.03  238
 233  Fordham                 =  68.15    7  24   77.96(  53)    0   3  |    0   8  |   68.66  228 |   67.57  249
 234  Northern Colorado       =  68.13   11  18   68.62( 304)    0   0  |    0   2  |   68.58  229 |   67.61  247
 235  Duquesne                =  68.11    8  22   76.45(  94)    0   4  |    1   6  |   68.04  237 |   68.13  236
 236  CS Northridge           =  68.08   12  17   71.15( 201)    0   0  |    0   1  |   68.34  233 |   67.75  243
 237  Fort Wayne(IPFW)        =  68.07   14  17   68.92( 294)    0   0  |    0   1  |   67.84  240 |   68.23  230
 238  Pepperdine              =  68.04   11  18   73.24( 135)    0   2  |    0   4  |   68.32  234 |   67.71  244
 239  NC A&T                  =  68.04   19  17   67.85( 325)    0   1  |    0   3  |   67.81  242 |   68.22  233
 240  Louisiana-Lafayette     =  68.03   12  20   71.02( 210)    0   1  |    0   1  |   67.63  246 |   68.36  227
College Basketball 2012-2013          Div I games only   through 2013 March 24 Sunday
                                RATING    W   L  SCHEDL(RANK) VS top 25 | VS top 50 | ELO_SCORE    | PREDICTOR  
                HOME ADVANTAGE=[  3.45]                                               [  3.38]       [  3.42]
 241  St. Francis-NY          =  68.00   12  18   70.26( 247)    0   0  |    0   1  |   67.72  244 |   68.23  231
 242  Cleveland State         =  67.96   11  18   73.95( 123)    0   2  |    0   2  |   68.72  226 |   67.10  258
 243  Seattle                 =  67.89    7  22   71.30( 193)    0   0  |    0   1  |   67.28  249 |   68.42  225
 244  Coastal Carolina        =  67.86   11  15   68.69( 299)    0   0  |    0   1  |   67.12  254 |   68.52  223
 245  Appalachian State       =  67.77   13  16   68.46( 309)    0   1  |    0   1  |   67.83  241 |   67.65  245
 246  Ball State              =  67.64   14  15   70.12( 251)    0   1  |    0   2  |   67.85  239 |   67.38  251
 247  Old Dominion            =  67.58    5  25   71.72( 183)    0   1  |    1   1  |   67.24  252 |   67.86  242
 248  Western Carolina        =  67.57   12  19   69.56( 269)    0   1  |    0   3  |   66.87  259 |   68.19  234
 249  Texas-San Antonio(UTSA) =  67.55   10  22   72.18( 166)    0   0  |    0   1  |   67.44  248 |   67.60  248
 250  CS Bakersfield          =  67.53   10  16   71.45( 188)    0   0  |    0   3  |   67.58  247 |   67.42  250
College Basketball 2012-2013          Div I games only   through 2013 March 24 Sunday
                                RATING    W   L  SCHEDL(RANK) VS top 25 | VS top 50 | ELO_SCORE    | PREDICTOR  
                HOME ADVANTAGE=[  3.45]                                               [  3.38]       [  3.42]
 251  North Texas             =  67.50   11  19   69.94( 255)    0   2  |    0   3  |   66.97  257 |   67.95  239
 252  North Dakota            =  67.45   14  17   68.64( 301)    0   1  |    0   1  |   67.73  243 |   67.12  256
 253  Hartford                =  67.43   17  14   69.21( 281)    0   0  |    0   1  |   67.70  245 |   67.10  257
 254  Pennsylvania            =  67.39    9  22   72.58( 155)    0   0  |    0   4  |   67.11  255 |   67.62  246
 255  Wofford                 =  67.32   12  19   69.94( 254)    0   0  |    0   1  |   67.25  251 |   67.34  252
 256  Holy Cross              =  67.32   12  18   70.89( 215)    0   0  |    0   0  |   67.28  250 |   67.30  253
 257  Miami-Ohio              =  67.19    8  22   73.68( 129)    0   2  |    0   2  |   67.18  253 |   67.16  255
 258  Texas State             =  66.95   11  22   71.84( 179)    0   0  |    0   0  |   66.62  261 |   67.22  254
 259  Northern Kentucky       =  66.95   11  16   70.22( 248)    0   1  |    0   1  |   67.01  256 |   66.82  262
 260  Cornell                 =  66.75   12  18   71.15( 200)    0   2  |    0   2  |   66.54  262 |   66.90  261
College Basketball 2012-2013          Div I games only   through 2013 March 24 Sunday
                                RATING    W   L  SCHEDL(RANK) VS top 25 | VS top 50 | ELO_SCORE    | PREDICTOR  
                HOME ADVANTAGE=[  3.45]                                               [  3.38]       [  3.42]
 261  Liberty                 =  66.71   12  21   68.27( 315)    0   1  |    0   1  |   66.29  267 |   67.06  259
 262  Central Michigan        =  66.64   10  20   72.01( 172)    0   2  |    0   2  |   66.15  269 |   67.06  260
 263  Tennessee Tech          =  66.31   10  17   71.00( 212)    0   0  |    0   1  |   66.76  260 |   65.79  269
 264  South Dakota            =  66.29    8  20   71.07( 206)    0   3  |    0   3  |   66.20  268 |   66.33  263
 265  Maine                   =  66.29   10  19   70.41( 238)    0   0  |    0   0  |   66.46  265 |   66.06  264
 266  Portland                =  66.23    9  21   75.06( 110)    0   2  |    0   8  |   66.46  264 |   65.95  266
 267  Georgia Southern        =  66.17   12  19   69.63( 268)    0   0  |    0   1  |   66.46  266 |   65.82  268
 268  Jacksonville            =  66.12   12  18   70.49( 232)    0   2  |    0   2  |   66.48  263 |   65.71  270
 269  Lipscomb                =  65.92   11  18   71.77( 180)    0   0  |    0   3  |   66.88  258 |   64.81  286
 270  SE Louisiana            =  65.75   11  18   70.36( 239)    0   3  |    0   3  |   66.08  270 |   65.36  275
College Basketball 2012-2013          Div I games only   through 2013 March 24 Sunday
                                RATING    W   L  SCHEDL(RANK) VS top 25 | VS top 50 | ELO_SCORE    | PREDICTOR  
                HOME ADVANTAGE=[  3.45]                                               [  3.38]       [  3.42]
 271  Eastern Illinois        =  65.67   11  20   69.08( 285)    0   1  |    0   1  |   65.67  274 |   65.61  271
 272  American U.             =  65.66   10  20   70.71( 222)    0   3  |    0   3  |   65.36  278 |   65.89  267
 273  Troy                    =  65.62   12  21   69.32( 278)    0   0  |    0   0  |   65.74  271 |   65.44  274
 274  Bethune-Cookman         =  65.52   12  20   68.37( 312)    0   1  |    0   1  |   65.43  276 |   65.55  273
 275  Central Connecticut St. =  65.51   13  17   69.44( 274)    0   2  |    1   2  |   65.70  273 |   65.26  276
 276  Milwaukee               =  65.33    6  24   73.44( 131)    0   1  |    0   1  |   65.59  275 |   65.02  282
 277  NC Greensboro           =  65.32    7  22   68.69( 300)    0   1  |    0   1  |   64.49  291 |   66.03  265
 278  Delaware State          =  65.31   13  18   68.42( 310)    0   1  |    0   2  |   65.73  272 |   64.81  285
 279  Winthrop                =  65.27   11  17   69.13( 284)    0   2  |    0   2  |   64.89  283 |   65.59  272
 280  Hofstra                 =  65.08    6  25   72.17( 167)    0   0  |    0   0  |   65.35  279 |   64.75  287
College Basketball 2012-2013          Div I games only   through 2013 March 24 Sunday
                                RATING    W   L  SCHEDL(RANK) VS top 25 | VS top 50 | ELO_SCORE    | PREDICTOR  
                HOME ADVANTAGE=[  3.45]                                               [  3.38]       [  3.42]
 281  Sacred Heart            =  65.02    9  20   70.87( 216)    0   0  |    0   1  |   64.95  282 |   65.04  281
 282  Siena                   =  65.01    8  24   72.22( 163)    0   0  |    0   1  |   65.41  277 |   64.55  289
 283  Hampton                 =  65.00   14  17   66.73( 336)    0   0  |    0   0  |   64.87  284 |   65.06  279
 284  NJIT(New Jersey Tech)   =  65.00   12  13   64.84( 345)    0   0  |    0   1  |   64.71  288 |   65.22  277
 285  Dartmouth               =  64.96    8  19   71.01( 211)    0   0  |    0   0  |   64.82  285 |   65.05  280
 286  NC Wilmington           =  64.93    9  20   71.94( 175)    0   0  |    0   0  |   65.31  280 |   64.48  290
 287  Samford                 =  64.91   10  21   69.05( 289)    0   2  |    0   4  |   64.78  287 |   64.98  283
 288  New Hampshire           =  64.90    8  20   70.21( 249)    0   0  |    0   1  |   64.68  289 |   65.07  278
 289  VMI                     =  64.72   11  17   67.85( 324)    0   0  |    0   0  |   64.80  286 |   64.58  288
 290  Colgate                 =  64.56   11  21   71.08( 205)    0   2  |    0   3  |   64.24  294 |   64.82  284
College Basketball 2012-2013          Div I games only   through 2013 March 24 Sunday
                                RATING    W   L  SCHEDL(RANK) VS top 25 | VS top 50 | ELO_SCORE    | PREDICTOR  
                HOME ADVANTAGE=[  3.45]                                               [  3.38]       [  3.42]
 291  Ark.-Pine Bluff         =  64.36   16  14   66.29( 338)    0   1  |    0   3  |   64.47  292 |   64.19  294
 292  McNeese State           =  64.30   11  17   69.79( 262)    0   1  |    0   2  |   64.60  290 |   63.94  298
 293  East Tennessee State    =  64.25    9  22   72.73( 151)    0   3  |    0   4  |   65.21  281 |   63.12  304
 294  Saint Peter's           =  64.22    9  21   71.38( 190)    0   0  |    0   0  |   63.90  296 |   64.46  291
 295  Sacramento State        =  64.21   12  15   67.32( 332)    0   0  |    0   0  |   64.29  293 |   64.08  296
 296  Campbell                =  64.11   11  19   67.83( 326)    0   1  |    0   3  |   63.80  297 |   64.36  292
 297  Eastern Washington      =  64.10   10  21   67.98( 319)    0   0  |    0   1  |   63.95  295 |   64.20  293
 298  Nicholls State          =  63.94    9  21   69.71( 263)    0   2  |    0   2  |   63.69  299 |   64.14  295
 299  Austin Peay             =  63.90    6  23   69.87( 256)    0   0  |    0   1  |   63.76  298 |   63.99  297
 300  Chattanooga             =  63.51   11  19   68.62( 303)    0   1  |    0   1  |   63.30  301 |   63.67  300
College Basketball 2012-2013          Div I games only   through 2013 March 24 Sunday
                                RATING    W   L  SCHEDL(RANK) VS top 25 | VS top 50 | ELO_SCORE    | PREDICTOR  
                HOME ADVANTAGE=[  3.45]                                               [  3.38]       [  3.42]
 301  Utah Valley             =  63.48   10  18   67.35( 330)    0   0  |    0   0  |   63.19  302 |   63.71  299
 302  Rice                    =  63.19    4  25   73.21( 138)    0   0  |    0   2  |   62.96  306 |   63.35  301
 303  Portland State          =  63.04    6  20   68.08( 317)    0   0  |    0   2  |   62.76  308 |   63.26  303
 304  Montana State           =  62.98   11  17   66.87( 334)    0   0  |    0   0  |   62.96  305 |   62.95  305
 305  Central Arkansas        =  62.96   11  17   68.08( 316)    0   0  |    0   1  |   63.06  303 |   62.82  307
 306  Radford                 =  62.91   10  19   67.89( 322)    0   0  |    0   0  |   62.47  311 |   63.28  302
 307  SIU-Edwardsville        =  62.77    7  18   69.22( 280)    0   2  |    0   2  |   62.59  309 |   62.90  306
 308  Northern Arizona        =  62.66   11  21   69.84( 259)    0   1  |    0   3  |   63.42  300 |   61.76  315
 309  San Jose State          =  62.63    8  20   71.97( 174)    0   1  |    0   1  |   62.96  307 |   62.24  311
 310  Southern Utah           =  62.46    9  20   68.57( 305)    0   1  |    0   1  |   62.57  310 |   62.29  310
College Basketball 2012-2013          Div I games only   through 2013 March 24 Sunday
                                RATING    W   L  SCHEDL(RANK) VS top 25 | VS top 50 | ELO_SCORE    | PREDICTOR  
                HOME ADVANTAGE=[  3.45]                                               [  3.38]       [  3.42]
 311  UC Riverside            =  62.31    4  24   71.16( 199)    0   0  |    0   0  |   63.01  304 |   61.48  317
 312  Chicago State           =  62.24    7  22   69.16( 282)    0   1  |    0   3  |   62.03  314 |   62.39  309
 313  Texas A&M-CorpusChristi =  62.05    5  23   70.73( 221)    0   1  |    0   1  |   61.60  318 |   62.41  308
 314  Monmouth-NJ             =  62.03   10  21   69.96( 253)    0   1  |    0   4  |   61.98  315 |   62.01  312
 315  Kansas City(UMKC)       =  61.94    7  24   70.91( 214)    0   3  |    0   4  |   62.19  312 |   61.61  316
 316  UMBC                    =  61.69    7  23   70.49( 231)    0   1  |    0   1  |   61.87  316 |   61.45  318
 317  Coppin State            =  61.62    7  24   70.27( 246)    0   2  |    0   2  |   61.34  320 |   61.84  314
 318  Jackson State           =  61.55   11  18   65.65( 343)    0   0  |    0   2  |   61.01  321 |   61.99  313
 319  Texas-Pan American      =  61.53   12  16   66.11( 341)    0   1  |    0   1  |   61.66  317 |   61.35  319
 320  Northern Illinois       =  61.44    4  25   71.40( 189)    0   0  |    0   0  |   61.57  319 |   61.25  320
College Basketball 2012-2013          Div I games only   through 2013 March 24 Sunday
                                RATING    W   L  SCHEDL(RANK) VS top 25 | VS top 50 | ELO_SCORE    | PREDICTOR  
                HOME ADVANTAGE=[  3.45]                                               [  3.38]       [  3.42]
 321  Omaha(Neb.-Omaha)       =  61.38   10  19   70.13( 250)    0   1  |    0   2  |   62.04  313 |   60.59  323
 322  Navy                    =  61.07    7  23   69.67( 266)    0   0  |    0   0  |   60.99  322 |   61.09  321
 323  Idaho State             =  60.62    5  24   69.15( 283)    0   0  |    0   1  |   60.22  326 |   60.94  322
 324  Prairie View A&M        =  60.49   12  19   64.83( 346)    0   0  |    0   1  |   60.61  323 |   60.32  324
 325  Louisiana-Monroe        =  60.34    4  23   71.66( 185)    0   0  |    0   0  |   60.47  325 |   60.15  326
 326  Houston Baptist         =  60.25   11  17   66.27( 339)    0   0  |    0   1  |   60.48  324 |   59.97  328
 327  The Citadel             =  59.86    6  22   68.89( 295)    0   0  |    0   0  |   60.20  327 |   59.45  329
 328  Florida A&M             =  59.84    6  23   69.54( 270)    0   0  |    0   0  |   59.55  328 |   60.06  327
 329  Kennesaw State          =  59.51    3  27   70.47( 235)    0   1  |    0   2  |   58.65  335 |   60.20  325
 330  IUPUI                   =  59.45    4  26   71.04( 209)    0   1  |    0   3  |   59.42  329 |   59.43  330
College Basketball 2012-2013          Div I games only   through 2013 March 24 Sunday
                                RATING    W   L  SCHEDL(RANK) VS top 25 | VS top 50 | ELO_SCORE    | PREDICTOR  
                HOME ADVANTAGE=[  3.45]                                               [  3.38]       [  3.42]
 331  Howard                  =  59.39    6  23   68.56( 306)    0   2  |    0   3  |   59.31  331 |   59.41  331
 332  Saint Francis-Pa.       =  59.18    5  24   69.84( 258)    0   0  |    0   1  |   59.05  333 |   59.25  333
 333  Longwood                =  58.91    6  25   68.56( 307)    0   3  |    0   3  |   59.37  330 |   58.34  336
 334  Tennessee-Martin        =  58.89    7  21   69.79( 261)    0   1  |    0   3  |   59.29  332 |   58.40  335
 335  Presbyterian College    =  58.70    5  24   69.08( 286)    0   2  |    0   2  |   58.35  336 |   58.98  334
 336  Furman                  =  58.57    5  24   69.45( 273)    0   0  |    0   0  |   58.84  334 |   58.23  338
 337  Alcorn State            =  58.39    9  23   67.76( 327)    0   2  |    0   3  |   57.03  339 |   59.39  332
 338  Alabama State           =  57.94    9  22   65.56( 344)    0   1  |    0   1  |   57.59  338 |   58.21  339
 339  Alabama A&M             =  57.62    9  20   65.77( 342)    0   0  |    0   1  |   56.79  341 |   58.27  337
 340  Fairleigh Dickinson     =  57.46    7  24   69.66( 267)    0   1  |    0   1  |   58.01  337 |   56.78  342
College Basketball 2012-2013          Div I games only   through 2013 March 24 Sunday
                                RATING    W   L  SCHEDL(RANK) VS top 25 | VS top 50 | ELO_SCORE    | PREDICTOR  
                HOME ADVANTAGE=[  3.45]                                               [  3.38]       [  3.42]
 341  SC State                =  57.15    4  24   68.81( 296)    0   2  |    0   3  |   56.93  340 |   57.31  340
 342  MVSU(Miss. Valley St.)  =  56.43    5  23   66.78( 335)    0   0  |    0   3  |   55.97  343 |   56.80  341
 343  Md.-Eastern Shore(UMES) =  56.03    2  26   69.32( 277)    0   0  |    0   3  |   55.93  344 |   56.08  344
 344  Lamar                   =  56.00    3  28   70.96( 213)    0   1  |    0   4  |   55.80  345 |   56.13  343
 345  New Orleans             =  55.81    4  18   67.97( 320)    0   0  |    0   1  |   56.12  342 |   55.41  346
 346  Binghamton-NY           =  55.55    2  27   70.01( 252)    0   1  |    0   1  |   55.29  346 |   55.75  345
 347  Grambling State         =  44.14    0  28   66.22( 340)    0   0  |    0   0  |   43.57  347 |   44.55  347
_________________________________________________________________________________________________________________