College Basketball 2012-2013          Div I games only   through 2013 March 22 Friday
                                RATING    W   L  SCHEDL(RANK) VS top 25 | VS top 50 | ELO_SCORE    | PREDICTOR  
                HOME ADVANTAGE=[  3.42]                                               [  3.37]       [  3.41]
   1  Louisville              =  94.67   30   5   79.50(  15)    5   3  |   12   5  |   94.56    1 |   94.72    1
   2  Indiana                 =  92.91   28   6   79.69(  13)    8   4  |   11   6  |   92.28    2 |   93.63    3
   3  Florida                 =  92.45   27   7   78.67(  30)    4   4  |    5   5  |   91.26    4 |   94.21    2
   4  Ohio State              =  91.96   27   7   79.97(  10)    7   6  |    9   7  |   92.22    3 |   91.66    4
   5  Kansas                  =  91.11   30   5   78.26(  45)    5   1  |   11   3  |   91.16    5 |   91.00    5
   6  Duke                    =  90.81   28   5   80.06(   8)    7   1  |   11   5  |   90.70    6 |   90.88    6
   7  Gonzaga                 =  90.75   31   2   75.45( 107)    1   0  |    6   2  |   90.66    7 |   90.78    7
   8  Michigan State          =  90.24   25   8   81.51(   2)    6   7  |    9   8  |   90.60    8 |   89.86    8
   9  Michigan                =  89.45   26   7   79.94(  11)    5   6  |    9   6  |   89.61    9 |   89.24   10
  10  Syracuse                =  88.96   27   9   79.11(  20)    3   6  |    7   9  |   88.26   13 |   89.74    9
College Basketball 2012-2013          Div I games only   through 2013 March 22 Friday
                                RATING    W   L  SCHEDL(RANK) VS top 25 | VS top 50 | ELO_SCORE    | PREDICTOR  
                HOME ADVANTAGE=[  3.42]                                               [  3.37]       [  3.41]
  11  Miami-Florida           =  88.86   28   6   79.39(  16)    5   2  |   10   2  |   89.13   11 |   88.56   12
  12  Saint Louis             =  88.67   28   6   76.08(  99)    3   1  |    7   2  |   89.24   10 |   88.11   15
  13  Wisconsin               =  88.38   23  12   81.76(   1)    6   9  |    9  11  |   87.70   14 |   89.12   11
  14  Georgetown              =  88.24   25   7   78.98(  24)    4   4  |    9   5  |   88.50   12 |   87.94   16
  15  Pittsburgh              =  87.53   24   9   76.91(  82)    2   5  |    6   8  |   86.88   18 |   88.22   14
  16  Creighton               =  87.10   28   7   76.38(  94)    1   0  |    4   2  |   87.04   17 |   87.09   17
  17  VCU(Va. Commonwealth)   =  87.07   27   8   76.88(  84)    0   4  |    2   7  |   86.08   25 |   88.26   13
  18  North Carolina          =  86.95   24  10   79.53(  14)    0   6  |    7   9  |   87.44   15 |   86.45   20
  19  Arizona                 =  86.79   26   7   78.47(  36)    2   0  |    4   4  |   86.70   20 |   86.82   19
  20  Missouri                =  86.59   23  11   78.02(  53)    3   4  |    5   7  |   86.13   23 |   87.05   18
College Basketball 2012-2013          Div I games only   through 2013 March 22 Friday
                                RATING    W   L  SCHEDL(RANK) VS top 25 | VS top 50 | ELO_SCORE    | PREDICTOR  
                HOME ADVANTAGE=[  3.42]                                               [  3.37]       [  3.41]
  21  New Mexico              =  86.16   29   6   78.65(  31)    0   1  |    8   3  |   87.12   16 |   85.30   29
  22  Minnesota               =  86.09   21  12   81.10(   3)    3   6  |    8   9  |   85.83   27 |   86.30   21
  23  Kansas State            =  85.96   26   8   78.45(  38)    1   5  |    6   8  |   86.78   19 |   85.19   30
  24  Marquette               =  85.92   24   8   79.26(  18)    5   3  |    7   7  |   86.30   22 |   85.51   24
  25  Mississippi             =  85.78   27   8   76.16(  98)    4   2  |    4   3  |   85.79   28 |   85.71   22
  26  NC State                =  85.78   24  11   78.63(  32)    2   5  |    5   9  |   86.12   24 |   85.40   28
  27  Memphis                 =  85.77   31   4   74.51( 118)    0   3  |    1   3  |   86.68   21 |   84.94   33
  28  Iowa                    =  85.69   23  12   77.71(  61)    2   8  |    4   9  |   85.83   26 |   85.50   25
  29  Oklahoma State          =  85.54   24   9   78.27(  42)    2   4  |    6   7  |   85.45   29 |   85.58   23
  30  San Diego State         =  85.24   21  10   78.15(  51)    1   4  |    3   7  |   85.25   31 |   85.18   31
College Basketball 2012-2013          Div I games only   through 2013 March 22 Friday
                                RATING    W   L  SCHEDL(RANK) VS top 25 | VS top 50 | ELO_SCORE    | PREDICTOR  
                HOME ADVANTAGE=[  3.42]                                               [  3.37]       [  3.41]
  31  Saint Mary's-Cal.       =  85.16   27   7   74.89( 112)    1   3  |    1   4  |   84.82   34 |   85.48   26
  32  Iowa State              =  85.16   23  11   78.02(  52)    1   4  |    5   8  |   85.26   30 |   85.01   32
  33  Notre Dame              =  84.94   25  10   78.46(  37)    3   5  |    7   7  |   85.05   32 |   84.78   36
  34  Baylor                  =  84.81   19  14   78.21(  47)    1   4  |    3   8  |   84.19   37 |   85.45   27
  35  Colorado State          =  84.80   24   8   77.56(  63)    1   2  |    3   5  |   84.75   35 |   84.79   35
  36  Wichita State           =  84.71   27   8   76.07( 100)    3   2  |    4   2  |   84.50   36 |   84.86   34
  37  Cincinnati              =  83.97   22  12   78.91(  26)    2   7  |    6  10  |   83.98   40 |   83.91   39
  38  Illinois                =  83.95   22  12   80.86(   5)    5   9  |    6  10  |   84.00   39 |   83.84   40
  39  Virginia                =  83.93   22  11   75.89( 103)    3   2  |    6   3  |   83.64   42 |   84.19   38
  40  Butler                  =  83.85   26   8   78.88(  27)    4   4  |    6   6  |   85.03   33 |   82.80   45
College Basketball 2012-2013          Div I games only   through 2013 March 22 Friday
                                RATING    W   L  SCHEDL(RANK) VS top 25 | VS top 50 | ELO_SCORE    | PREDICTOR  
                HOME ADVANTAGE=[  3.42]                                               [  3.37]       [  3.41]
  41  UNLV                    =  83.77   24  10   77.45(  67)    1   3  |    6   5  |   83.90   41 |   83.59   41
  42  Oregon                  =  83.70   27   8   76.60(  90)    1   0  |    6   2  |   84.08   38 |   83.28   42
  43  Kentucky                =  83.66   21  12   77.68(  62)    3   3  |    4   5  |   82.81   49 |   84.59   37
  44  Maryland                =  83.08   24  12   76.29(  97)    2   5  |    3   8  |   83.23   44 |   82.88   43
  45  Villanova               =  83.07   19  14   80.27(   7)    4   5  |    5   9  |   83.26   43 |   82.84   44
  46  UCLA                    =  82.91   25  10   78.81(  29)    4   2  |    6   5  |   83.16   45 |   82.62   46
  47  La Salle                =  82.72   23   9   76.87(  85)    2   2  |    4   4  |   82.88   48 |   82.51   48
  48  Connecticut             =  82.68   20  10   78.87(  28)    2   5  |    4   8  |   82.99   47 |   82.33   51
  49  Stanford                =  82.52   19  14   78.23(  46)    0   3  |    1   7  |   82.52   51 |   82.45   49
  50  Temple                  =  82.49   24   9   76.92(  81)    3   2  |    6   3  |   83.02   46 |   81.93   55
College Basketball 2012-2013          Div I games only   through 2013 March 22 Friday
                                RATING    W   L  SCHEDL(RANK) VS top 25 | VS top 50 | ELO_SCORE    | PREDICTOR  
                HOME ADVANTAGE=[  3.42]                                               [  3.37]       [  3.41]
  51  Oklahoma                =  82.41   20  12   79.08(  21)    1   4  |    5   8  |   82.58   50 |   82.19   53
  52  Colorado                =  82.13   21  12   79.23(  19)    1   3  |    7   5  |   82.11   53 |   82.11   54
  53  Alabama                 =  82.10   21  12   77.52(  65)    0   5  |    2   6  |   81.91   54 |   82.24   52
  54  California              =  82.06   21  11   78.41(  39)    1   2  |    5   6  |   82.29   52 |   81.77   56
  55  Belmont                 =  81.89   24   7   72.73( 150)    0   3  |    1   3  |   81.36   57 |   82.41   50
  56  Purdue                  =  81.69   16  17   79.31(  17)    2   7  |    4  11  |   81.71   55 |   81.62   57
  57  Tennessee               =  81.48   20  13   78.51(  35)    2   3  |    4   7  |   81.42   56 |   81.48   59
  58  Middle Tennessee        =  81.43   28   6   71.33( 193)    1   1  |    1   2  |   80.39   62 |   82.57   47
  59  Southern Miss           =  81.05   24   9   75.08( 111)    0   1  |    0   5  |   80.68   59 |   81.39   61
  60  Boise State             =  81.00   19  11   77.77(  58)    1   3  |    4   8  |   81.31   58 |   80.64   65
College Basketball 2012-2013          Div I games only   through 2013 March 22 Friday
                                RATING    W   L  SCHEDL(RANK) VS top 25 | VS top 50 | ELO_SCORE    | PREDICTOR  
                HOME ADVANTAGE=[  3.42]                                               [  3.37]       [  3.41]
  61  Davidson                =  80.91   25   8   70.28( 244)    0   4  |    0   4  |   80.36   63 |   81.44   60
  62  Denver                  =  80.80   22  10   73.11( 143)    0   0  |    0   3  |   80.13   69 |   81.49   58
  63  Arkansas                =  80.70   19  13   77.11(  74)    2   6  |    3   6  |   80.46   61 |   80.89   63
  64  Dayton                  =  80.61   17  14   76.29(  96)    0   2  |    0   6  |   80.51   60 |   80.66   64
  65  BYU                     =  80.43   21  11   74.50( 119)    0   2  |    0   7  |   80.19   65 |   80.63   66
  66  Valparaiso              =  80.28   25   8   72.23( 166)    0   3  |    0   3  |   80.14   67 |   80.37   68
  67  Xavier-Ohio             =  80.12   17  14   77.72(  60)    1   1  |    5   3  |   80.26   64 |   79.94   71
  68  Providence              =  80.07   18  14   77.46(  66)    0   6  |    4   9  |   80.13   68 |   79.96   70
  69  Stony Brook-NY          =  79.99   24   8   70.51( 229)    0   0  |    0   3  |   79.89   71 |   80.03   69
  70  Illinois State          =  79.98   18  15   75.58( 105)    1   2  |    1   5  |   79.08   80 |   80.93   62
College Basketball 2012-2013          Div I games only   through 2013 March 22 Friday
                                RATING    W   L  SCHEDL(RANK) VS top 25 | VS top 50 | ELO_SCORE    | PREDICTOR  
                HOME ADVANTAGE=[  3.42]                                               [  3.37]       [  3.41]
  71  Saint Joseph's-Pa.      =  79.91   18  14   76.80(  86)    0   4  |    2   7  |   79.42   77 |   80.37   67
  72  Northern Iowa           =  79.90   18  14   77.11(  75)    1   2  |    3   7  |   79.86   72 |   79.88   72
  73  Arizona State           =  79.71   22  13   75.93( 102)    0   3  |    2   8  |   79.99   70 |   79.38   74
  74  Akron                   =  79.64   25   7   72.62( 153)    0   2  |    0   3  |   80.14   66 |   79.10   76
  75  Bucknell                =  79.35   27   6   71.53( 187)    0   1  |    1   2  |   79.82   73 |   78.84   80
  76  Vanderbilt              =  79.33   16  17   77.81(  57)    0   4  |    1   9  |   79.15   79 |   79.46   73
  77  Washington              =  79.30   18  16   78.38(  40)    1   3  |    2  10  |   79.55   75 |   78.99   78
  78  Texas                   =  79.17   16  17   78.27(  43)    1   7  |    3  12  |   79.58   74 |   78.72   82
  79  Massachusetts           =  79.12   21  12   76.89(  83)    0   4  |    2   7  |   79.20   78 |   78.99   79
  80  Georgia                 =  79.07   15  17   77.74(  59)    0   5  |    1   6  |   79.47   76 |   78.63   83
College Basketball 2012-2013          Div I games only   through 2013 March 22 Friday
                                RATING    W   L  SCHEDL(RANK) VS top 25 | VS top 50 | ELO_SCORE    | PREDICTOR  
                HOME ADVANTAGE=[  3.42]                                               [  3.37]       [  3.41]
  81  Richmond                =  78.87   19  14   75.87( 104)    1   4  |    1   7  |   78.41   86 |   79.29   75
  82  Detroit                 =  78.70   18  13   74.71( 113)    0   3  |    0   5  |   78.28   88 |   79.09   77
  83  LSU                     =  78.51   19  12   76.46(  93)    1   5  |    1   6  |   78.79   82 |   78.18   86
  84  Ohio                    =  78.50   24  10   71.80( 180)    0   0  |    0   1  |   78.18   90 |   78.77   81
  85  Stephen F. Austin       =  78.47   23   5   68.48( 306)    0   0  |    0   1  |   78.93   81 |   77.97   89
  86  Evansville              =  78.40   18  14   75.09( 110)    0   2  |    2   5  |   78.50   84 |   78.25   85
  87  New Mexico State        =  78.34   23  11   73.30( 134)    0   3  |    0   3  |   78.69   83 |   77.95   90
  88  Harvard                 =  78.20   19   9   73.14( 140)    1   0  |    1   3  |   78.44   85 |   77.91   92
  89  Texas A&M               =  78.14   18  15   77.05(  77)    2   4  |    3   5  |   78.10   93 |   78.13   87
  90  St. John's              =  78.02   17  15   78.20(  48)    0   6  |    3  10  |   78.28   87 |   77.71   94
College Basketball 2012-2013          Div I games only   through 2013 March 22 Friday
                                RATING    W   L  SCHEDL(RANK) VS top 25 | VS top 50 | ELO_SCORE    | PREDICTOR  
                HOME ADVANTAGE=[  3.42]                                               [  3.37]       [  3.41]
  91  Mercer                  =  77.95   22  11   70.54( 227)    0   1  |    0   1  |   78.20   89 |   77.65   97
  92  Boston College          =  77.92   16  17   78.26(  44)    0   6  |    2  11  |   78.14   92 |   77.65   96
  93  Louisiana Tech          =  77.77   26   6   71.08( 207)    0   0  |    0   0  |   77.89   94 |   77.60   99
  94  Weber State             =  77.73   25   6   67.07( 333)    0   0  |    0   0  |   77.47  100 |   77.95   91
  95  Washington State        =  77.72   13  19   76.60(  91)    0   4  |    1   8  |   77.41  102 |   77.97   88
  96  Georgia Tech            =  77.69   16  15   77.12(  73)    1   4  |    4   8  |   77.72   96 |   77.61   98
  97  Florida State           =  77.61   18  16   78.94(  25)    0   8  |    4  10  |   78.15   91 |   77.03  106
  98  Princeton               =  77.59   16  11   72.41( 161)    0   1  |    0   1  |   77.38  103 |   77.75   93
  99  Iona                    =  77.46   20  14   73.91( 125)    0   1  |    0   2  |   77.79   95 |   77.09  103
 100  Rutgers                 =  77.44   15  16   78.52(  34)    1   6  |    1  12  |   77.18  106 |   77.66   95
College Basketball 2012-2013          Div I games only   through 2013 March 22 Friday
                                RATING    W   L  SCHEDL(RANK) VS top 25 | VS top 50 | ELO_SCORE    | PREDICTOR  
                HOME ADVANTAGE=[  3.42]                                               [  3.37]       [  3.41]
 101  Florida Gulf Coast      =  77.42   23  10   71.15( 202)    2   2  |    2   3  |   77.58   97 |   77.22  101
 102  South Dakota State      =  77.42   22  10   70.63( 223)    1   2  |    1   2  |   77.44  101 |   77.35  100
 103  North Dakota State      =  77.35   22  10   70.27( 245)    0   2  |    0   2  |   76.35  114 |   78.37   84
 104  UTEP                    =  77.29   18  14   74.67( 115)    0   1  |    1   4  |   77.48   99 |   77.06  105
 105  Southern California     =  77.16   14  18   79.71(  12)    1   4  |    4   8  |   77.30  105 |   76.96  107
 106  Oregon State            =  77.12   14  18   76.77(  87)    0   2  |    0   7  |   77.06  108 |   77.12  102
 107  Santa Clara             =  77.11   20  11   72.59( 156)    1   3  |    1   5  |   77.30  104 |   76.86  108
 108  Clemson                 =  76.98   13  18   77.33(  70)    0   6  |    1  10  |   76.85  109 |   77.06  104
 109  Air Force               =  76.96   16  13   77.55(  64)    1   2  |    3   8  |   77.54   98 |   76.35  114
 110  West Virginia           =  76.58   13  19   78.55(  33)    0   6  |    0  12  |   76.56  112 |   76.56  110
College Basketball 2012-2013          Div I games only   through 2013 March 22 Friday
                                RATING    W   L  SCHEDL(RANK) VS top 25 | VS top 50 | ELO_SCORE    | PREDICTOR  
                HOME ADVANTAGE=[  3.42]                                               [  3.37]       [  3.41]
 111  Fresno State            =  76.49    9  19   79.01(  23)    0   2  |    2   8  |   76.72  110 |   76.21  116
 112  Nebraska                =  76.48   15  18   80.99(   4)    1  11  |    2  15  |   77.15  107 |   75.78  118
 113  Wyoming                 =  76.25   18  13   76.93(  79)    0   3  |    1   8  |   76.68  111 |   75.78  117
 114  St. Bonaventure         =  76.23   14  15   76.00( 101)    0   2  |    1   6  |   76.15  117 |   76.25  115
 115  Utah State              =  76.19   20  10   71.23( 196)    0   0  |    0   1  |   75.96  120 |   76.36  113
 116  George Washington       =  76.18   13  17   76.94(  78)    0   3  |    0   8  |   75.74  125 |   76.58  109
 117  Lehigh                  =  76.05   20  10   70.38( 235)    0   2  |    0   3  |   75.58  126 |   76.47  111
 118  Loyola-Maryland         =  76.02   22  11   71.88( 179)    0   0  |    0   1  |   76.22  116 |   75.77  119
 119  Indiana State           =  75.89   17  15   77.91(  55)    3   3  |    4   7  |   76.03  119 |   75.71  121
 120  Seton Hall              =  75.89   15  18   77.90(  56)    0   8  |    1  11  |   75.30  131 |   76.43  112
College Basketball 2012-2013          Div I games only   through 2013 March 22 Friday
                                RATING    W   L  SCHEDL(RANK) VS top 25 | VS top 50 | ELO_SCORE    | PREDICTOR  
                HOME ADVANTAGE=[  3.42]                                               [  3.37]       [  3.41]
 121  South Florida           =  75.82   12  19   79.02(  22)    1   6  |    2  12  |   76.05  118 |   75.53  123
 122  Utah                    =  75.76   13  18   77.93(  54)    0   2  |    1   7  |   76.29  115 |   75.19  128
 123  Kent State              =  75.76   20  13   72.23( 165)    0   0  |    0   1  |   75.74  124 |   75.72  120
 124  Central Florida(UCF)    =  75.73   18  11   73.32( 133)    0   2  |    0   4  |   75.79  123 |   75.62  122
 125  Charlotte               =  75.73   21  12   75.55( 106)    0   4  |    2   6  |   76.48  113 |   74.94  134
 126  Northwestern            =  75.66   13  19   80.00(   9)    1   8  |    3  15  |   75.84  121 |   75.43  125
 127  Wake Forest             =  75.64   13  18   78.15(  50)    1   3  |    3   8  |   75.83  122 |   75.40  126
 128  Drake                   =  75.35   14  17   76.58(  92)    1   2  |    1   6  |   75.50  127 |   75.14  129
 129  Penn State              =  75.25   10  21   80.83(   6)    1   9  |    1  14  |   75.37  130 |   75.08  131
 130  Green Bay               =  75.24   17  16   72.82( 148)    1   1  |    1   2  |   75.22  132 |   75.19  127
College Basketball 2012-2013          Div I games only   through 2013 March 22 Friday
                                RATING    W   L  SCHEDL(RANK) VS top 25 | VS top 50 | ELO_SCORE    | PREDICTOR  
                HOME ADVANTAGE=[  3.42]                                               [  3.37]       [  3.41]
 131  Murray State            =  75.20   19  10   71.08( 208)    0   0  |    0   0  |   75.38  129 |   74.96  133
 132  Wright State            =  75.12   21  12   71.78( 181)    0   0  |    0   1  |   74.75  136 |   75.44  124
 133  George Mason            =  75.10   19  14   73.25( 137)    0   1  |    1   2  |   75.07  133 |   75.07  132
 134  Eastern Kentucky        =  75.08   23   9   69.92( 255)    0   0  |    0   1  |   75.00  134 |   75.11  130
 135  Canisius                =  74.59   19  13   72.90( 147)    0   1  |    1   2  |   74.59  137 |   74.53  136
 136  Manhattan               =  74.54   14  18   73.78( 129)    0   1  |    0   1  |   74.56  138 |   74.46  137
 137  Robert Morris           =  74.37   24  10   68.40( 310)    0   0  |    1   0  |   74.05  143 |   74.65  135
 138  Niagara                 =  74.19   19  14   72.75( 149)    0   0  |    0   2  |   74.24  142 |   74.08  139
 139  Pacific                 =  74.13   20  13   73.24( 138)    0   2  |    1   3  |   75.00  135 |   73.22  155
 140  Vermont                 =  74.04   21  12   69.48( 272)    0   0  |    0   1  |   73.97  145 |   74.06  140
College Basketball 2012-2013          Div I games only   through 2013 March 22 Friday
                                RATING    W   L  SCHEDL(RANK) VS top 25 | VS top 50 | ELO_SCORE    | PREDICTOR  
                HOME ADVANTAGE=[  3.42]                                               [  3.37]       [  3.41]
 141  San Francisco           =  74.02   13  16   74.68( 114)    0   3  |    0   7  |   74.29  141 |   73.69  144
 142  Virginia Tech           =  74.00   13  19   78.37(  41)    0   5  |    2  12  |   74.44  140 |   73.50  146
 143  Northwestern State      =  73.99   19   9   70.54( 225)    0   1  |    0   1  |   74.55  139 |   73.39  150
 144  Drexel                  =  73.97   13  18   73.13( 141)    0   0  |    0   1  |   73.88  147 |   74.01  141
 145  Montana                 =  73.92   23   7   68.90( 295)    0   1  |    0   2  |   75.40  128 |   72.42  164
 146  Rider                   =  73.75   19  14   72.56( 157)    0   0  |    0   1  |   74.01  144 |   73.44  149
 147  Oral Roberts            =  73.72   18  14   70.77( 220)    0   1  |    0   2  |   73.90  146 |   73.48  147
 148  Tulane                  =  73.70   19  14   70.71( 222)    0   0  |    0   2  |   73.25  155 |   74.10  138
 149  UAB                     =  73.68   15  17   74.43( 121)    0   2  |    0   4  |   73.58  152 |   73.73  143
 150  East Carolina           =  73.65   15  12   73.65( 130)    0   1  |    0   3  |   73.78  151 |   73.46  148
College Basketball 2012-2013          Div I games only   through 2013 March 22 Friday
                                RATING    W   L  SCHEDL(RANK) VS top 25 | VS top 50 | ELO_SCORE    | PREDICTOR  
                HOME ADVANTAGE=[  3.42]                                               [  3.37]       [  3.41]
 151  Delaware                =  73.46   19  14   72.93( 146)    0   3  |    1   6  |   73.85  148 |   73.02  157
 152  UC Irvine               =  73.34   19  15   72.24( 164)    0   0  |    0   2  |   73.85  149 |   72.77  161
 153  College of Charleston   =  73.32   24  10   69.36( 276)    0   1  |    1   1  |   73.28  154 |   73.30  153
 154  Western Michigan        =  73.28   20  12   71.34( 191)    0   1  |    0   2  |   73.17  157 |   73.33  152
 155  James Madison           =  73.22   21  15   71.17( 201)    0   1  |    0   2  |   73.38  153 |   73.01  158
 156  Arkansas State          =  73.19   18  12   69.07( 286)    0   0  |    0   0  |   72.48  166 |   73.86  142
 157  Texas-Arlington         =  73.16   19  14   72.04( 172)    0   0  |    0   1  |   73.15  158 |   73.12  156
 158  Fairfield               =  73.15   19  16   72.60( 154)    0   0  |    0   1  |   72.92  162 |   73.34  151
 159  Houston                 =  73.11   19  12   69.26( 280)    0   0  |    0   1  |   72.59  165 |   73.57  145
 160  Boston U.               =  73.11   17  13   70.37( 237)    0   0  |    0   0  |   73.23  156 |   72.93  159
College Basketball 2012-2013          Div I games only   through 2013 March 22 Friday
                                RATING    W   L  SCHEDL(RANK) VS top 25 | VS top 50 | ELO_SCORE    | PREDICTOR  
                HOME ADVANTAGE=[  3.42]                                               [  3.37]       [  3.41]
 161  Albany-NY               =  73.10   24  11   68.94( 291)    0   2  |    0   2  |   72.91  163 |   73.23  154
 162  Long Beach State        =  73.00   17  14   74.22( 122)    0   4  |    0   6  |   73.79  150 |   72.16  169
 163  Nevada                  =  72.98   11  19   77.37(  68)    0   2  |    0   9  |   73.10  159 |   72.81  160
 164  Tennessee State         =  72.64   16  15   72.59( 155)    0   2  |    0   2  |   72.90  164 |   72.32  166
 165  San Diego               =  72.56   14  18   74.44( 120)    0   2  |    0   6  |   72.98  161 |   72.09  172
 166  DePaul                  =  72.39   11  21   77.36(  69)    0   6  |    0  13  |   71.94  174 |   72.77  162
 167  Cal Poly-SLO            =  72.36   16  14   72.18( 168)    0   0  |    1   1  |   73.09  160 |   71.57  184
 168  Lafayette               =  72.26   18  15   70.59( 224)    0   1  |    0   4  |   72.06  171 |   72.41  165
 169  Georgia State           =  72.22   14  16   71.22( 198)    0   1  |    0   1  |   71.94  175 |   72.44  163
 170  Northeastern            =  72.18   20  13   71.92( 176)    0   0  |    0   1  |   72.37  167 |   71.93  178
College Basketball 2012-2013          Div I games only   through 2013 March 22 Friday
                                RATING    W   L  SCHEDL(RANK) VS top 25 | VS top 50 | ELO_SCORE    | PREDICTOR  
                HOME ADVANTAGE=[  3.42]                                               [  3.37]       [  3.41]
 171  Tulsa                   =  72.11   16  16   73.80( 127)    0   1  |    0   4  |   72.32  168 |   71.84  180
 172  Long Island U.          =  72.11   20  14   68.40( 312)    0   0  |    0   2  |   72.23  169 |   71.93  177
 173  Loyola-Chicago          =  72.05   14  16   71.40( 190)    0   1  |    0   1  |   71.87  177 |   72.17  168
 174  Buffalo                 =  71.99   12  20   73.22( 139)    0   0  |    0   1  |   71.97  172 |   71.95  176
 175  Towson                  =  71.97   17  13   72.08( 171)    0   1  |    0   2  |   71.96  173 |   71.92  179
 176  Toledo                  =  71.96   15  13   70.52( 228)    0   1  |    0   1  |   72.07  170 |   71.79  181
 177  Auburn                  =  71.94    9  23   77.07(  76)    0   4  |    0   7  |   71.68  180 |   72.15  171
 178  Western Kentucky        =  71.87   19  16   71.11( 206)    0   3  |    0   4  |   71.61  182 |   72.07  173
 179  SMU                     =  71.78   14  17   71.99( 173)    0   0  |    0   1  |   71.47  187 |   72.04  174
 180  Western Illinois        =  71.77   20   9   68.99( 290)    0   0  |    0   0  |   71.77  179 |   71.71  182
College Basketball 2012-2013          Div I games only   through 2013 March 22 Friday
                                RATING    W   L  SCHEDL(RANK) VS top 25 | VS top 50 | ELO_SCORE    | PREDICTOR  
                HOME ADVANTAGE=[  3.42]                                               [  3.37]       [  3.41]
 181  Army                    =  71.75   15  15   69.54( 270)    0   0  |    0   0  |   71.29  189 |   72.15  170
 182  Charleston Southern     =  71.66   16  13   68.40( 311)    0   1  |    0   2  |   71.25  191 |   72.01  175
 183  Wagner                  =  71.62   19  12   68.85( 296)    0   1  |    0   2  |   71.80  178 |   71.39  187
 184  Bradley                 =  71.60   17  16   73.95( 124)    0   3  |    0   5  |   71.88  176 |   71.27  188
 185  Rhode Island            =  71.55    8  21   77.16(  72)    1   2  |    1   6  |   71.64  181 |   71.41  186
 186  USC Upstate             =  71.47   14  17   70.35( 239)    0   2  |    0   3  |   71.31  188 |   71.58  183
 187  South Carolina          =  71.35   14  18   74.62( 116)    1   3  |    1   4  |   71.55  184 |   71.09  189
 188  Texas Southern          =  71.13   17  14   66.65( 337)    0   2  |    0   3  |   69.92  206 |   72.25  167
 189  Youngstown State        =  71.12   15  15   72.73( 152)    0   0  |    0   0  |   71.51  185 |   70.67  194
 190  Marshall                =  71.12   12  19   73.84( 126)    0   0  |    0   5  |   71.57  183 |   70.60  195
College Basketball 2012-2013          Div I games only   through 2013 March 22 Friday
                                RATING    W   L  SCHEDL(RANK) VS top 25 | VS top 50 | ELO_SCORE    | PREDICTOR  
                HOME ADVANTAGE=[  3.42]                                               [  3.37]       [  3.41]
 191  Southern Illinois       =  71.02   13  17   75.22( 109)    0   3  |    1   4  |   71.48  186 |   70.50  196
 192  Yale                    =  70.84   12  17   73.06( 144)    0   1  |    0   3  |   70.72  197 |   70.90  191
 193  Columbia                =  70.82   10  16   70.85( 218)    0   0  |    1   0  |   70.66  198 |   70.93  190
 194  Illinois-Chicago        =  70.74   17  15   72.48( 160)    0   1  |    1   1  |   71.08  193 |   70.34  198
 195  Missouri State          =  70.73    9  22   76.73(  88)    0   2  |    0   7  |   71.28  190 |   70.13  204
 196  Fla. International      =  70.69   18  14   71.13( 204)    0   1  |    0   1  |   70.59  200 |   70.73  193
 197  Loyola Marymount        =  70.65   10  22   74.62( 117)    0   5  |    0   7  |   71.13  192 |   70.11  205
 198  South Alabama           =  70.56   16  13   70.48( 232)    0   0  |    0   0  |   70.62  199 |   70.44  197
 199  Southern U.             =  70.51   20  10   64.45( 347)    0   1  |    0   2  |   69.49  217 |   71.43  185
 200  NC Central              =  70.47   19   9   67.13( 332)    0   1  |    0   2  |   70.07  204 |   70.82  192
College Basketball 2012-2013          Div I games only   through 2013 March 22 Friday
                                RATING    W   L  SCHEDL(RANK) VS top 25 | VS top 50 | ELO_SCORE    | PREDICTOR  
                HOME ADVANTAGE=[  3.42]                                               [  3.37]       [  3.41]
 201  Quinnipiac              =  70.39   15  16   69.49( 271)    0   0  |    0   1  |   70.48  201 |   70.25  199
 202  Mount St. Mary's        =  70.24   18  14   69.71( 263)    0   3  |    0   3  |   70.94  195 |   69.47  212
 203  Oakland-Mich.           =  70.19   14  17   73.01( 145)    0   2  |    0   2  |   70.15  202 |   70.18  202
 204  Idaho                   =  70.15   11  18   73.28( 135)    0   1  |    0   1  |   70.00  205 |   70.24  201
 205  Texas Tech              =  70.04   11  20   76.93(  80)    0   6  |    1  11  |   70.77  196 |   69.24  218
 206  Gardner-Webb            =  70.04   18  13   68.00( 318)    0   1  |    0   3  |   69.77  212 |   70.25  200
 207  Elon                    =  70.01   19  12   68.82( 297)    0   1  |    0   2  |   69.80  209 |   70.16  203
 208  Mississippi State       =  69.85   10  22   77.26(  71)    1   6  |    1   7  |   70.95  194 |   68.65  222
 209  SE Missouri State(SEMO) =  69.84   15  16   67.95( 319)    0   2  |    0   2  |   69.74  213 |   69.88  209
 210  Hawai'i                 =  69.79   16  15   69.75( 262)    0   2  |    0   4  |   69.78  211 |   69.75  211
College Basketball 2012-2013          Div I games only   through 2013 March 22 Friday
                                RATING    W   L  SCHEDL(RANK) VS top 25 | VS top 50 | ELO_SCORE    | PREDICTOR  
                HOME ADVANTAGE=[  3.42]                                               [  3.37]       [  3.41]
 211  Bryant                  =  69.76   19  12   68.69( 300)    0   1  |    0   1  |   69.53  216 |   69.94  207
 212  Stetson                 =  69.75   14  16   70.32( 240)    0   2  |    0   2  |   70.09  203 |   69.35  214
 213  Morgan State            =  69.73   17  15   67.69( 328)    0   0  |    0   1  |   69.39  218 |   70.00  206
 214  William & Mary          =  69.72   12  17   71.19( 199)    0   0  |    0   0  |   69.54  215 |   69.85  210
 215  Norfolk State           =  69.59   21  12   67.84( 324)    0   0  |    0   3  |   69.87  207 |   69.26  217
 216  Savannah State          =  69.56   17  15   68.99( 289)    0   4  |    0   4  |   69.63  214 |   69.44  213
 217  CS Fullerton            =  69.53   12  18   70.54( 226)    0   0  |    0   1  |   69.81  208 |   69.19  219
 218  UC Santa Barbara        =  69.45    9  20   73.11( 142)    0   0  |    0   1  |   69.79  210 |   69.06  220
 219  Bowling Green           =  69.44   11  19   71.63( 184)    0   1  |    0   2  |   68.92  222 |   69.89  208
 220  NC Asheville            =  68.96   13  16   69.83( 259)    0   1  |    0   2  |   68.57  229 |   69.29  216
College Basketball 2012-2013          Div I games only   through 2013 March 22 Friday
                                RATING    W   L  SCHEDL(RANK) VS top 25 | VS top 50 | ELO_SCORE    | PREDICTOR  
                HOME ADVANTAGE=[  3.42]                                               [  3.37]       [  3.41]
 221  Jacksonville State      =  68.82   15  11   69.89( 258)    0   0  |    0   2  |   68.76  227 |   68.83  221
 222  Ark.-Little Rock        =  68.82   16  15   70.41( 233)    0   1  |    0   2  |   69.16  219 |   68.43  225
 223  High Point              =  68.70   15  14   67.34( 329)    0   0  |    0   0  |   68.00  238 |   69.32  215
 224  Morehead State          =  68.69   13  18   72.37( 162)    0   0  |    0   2  |   68.91  223 |   68.42  226
 225  Eastern Michigan        =  68.67   13  18   71.22( 197)    0   2  |    0   3  |   69.10  220 |   68.16  235
 226  North Florida(UNF)      =  68.56   12  19   71.91( 177)    0   3  |    0   5  |   68.95  221 |   68.11  236
 227  Florida Atlantic        =  68.54   13  18   70.49( 231)    0   2  |    0   2  |   68.71  228 |   68.31  228
 228  UC Davis                =  68.43   14  17   70.38( 236)    0   0  |    0   2  |   68.87  224 |   67.93  241
 229  Fordham                 =  68.35    7  24   78.17(  49)    0   4  |    0   8  |   68.86  225 |   67.77  245
 230  Marist                  =  68.33   10  21   72.55( 159)    0   0  |    0   0  |   68.39  233 |   68.22  231
College Basketball 2012-2013          Div I games only   through 2013 March 22 Friday
                                RATING    W   L  SCHEDL(RANK) VS top 25 | VS top 50 | ELO_SCORE    | PREDICTOR  
                HOME ADVANTAGE=[  3.42]                                               [  3.37]       [  3.41]
 231  Brown                   =  68.33   12  15   70.93( 215)    0   0  |    0   1  |   68.50  231 |   68.10  237
 232  Duquesne                =  68.28    8  22   76.61(  89)    0   4  |    1   6  |   68.21  235 |   68.29  229
 233  Sam Houston State       =  68.24   14  17   68.93( 292)    0   1  |    0   1  |   68.21  236 |   68.20  232
 234  Pepperdine              =  68.21   11  18   73.39( 132)    0   2  |    0   4  |   68.51  230 |   67.84  243
 235  CS Northridge           =  68.10   12  17   71.18( 200)    0   0  |    0   1  |   68.38  234 |   67.77  246
 236  TCU                     =  68.09   10  21   76.36(  95)    1   3  |    1   9  |   68.19  237 |   67.94  240
 237  Fort Wayne(IPFW)        =  68.05   14  17   68.91( 294)    0   0  |    0   1  |   67.84  240 |   68.19  233
 238  St. Francis-NY          =  68.04   12  18   70.29( 242)    0   0  |    0   1  |   67.74  244 |   68.27  230
 239  Louisiana-Lafayette     =  68.03   12  20   71.03( 210)    0   1  |    0   1  |   67.64  246 |   68.35  227
 240  Cleveland State         =  68.01   11  18   74.02( 123)    0   1  |    0   2  |   68.82  226 |   67.09  258
College Basketball 2012-2013          Div I games only   through 2013 March 22 Friday
                                RATING    W   L  SCHEDL(RANK) VS top 25 | VS top 50 | ELO_SCORE    | PREDICTOR  
                HOME ADVANTAGE=[  3.42]                                               [  3.37]       [  3.41]
 241  Northern Colorado       =  68.00   11  18   68.49( 305)    0   0  |    0   2  |   68.45  232 |   67.47  250
 242  NC A&T                  =  67.96   19  17   67.82( 325)    0   1  |    0   3  |   67.78  242 |   68.08  238
 243  Seattle                 =  67.92    7  22   71.34( 192)    0   0  |    0   2  |   67.32  250 |   68.44  224
 244  Coastal Carolina        =  67.88   11  15   68.71( 299)    0   1  |    0   1  |   67.13  255 |   68.53  223
 245  Appalachian State       =  67.75   13  16   68.42( 309)    0   1  |    0   1  |   67.81  241 |   67.63  247
 246  Ball State              =  67.73   14  15   70.20( 248)    0   1  |    0   2  |   67.95  239 |   67.44  251
 247  Old Dominion            =  67.62    5  25   71.77( 182)    0   1  |    1   1  |   67.28  252 |   67.90  242
 248  CS Bakersfield          =  67.61   10  16   71.53( 186)    0   0  |    0   3  |   67.65  245 |   67.51  249
 249  Western Carolina        =  67.57   12  19   69.55( 269)    0   1  |    0   3  |   66.87  257 |   68.17  234
 250  Texas-San Antonio(UTSA) =  67.56   10  22   72.18( 169)    0   0  |    0   1  |   67.46  248 |   67.60  248
College Basketball 2012-2013          Div I games only   through 2013 March 22 Friday
                                RATING    W   L  SCHEDL(RANK) VS top 25 | VS top 50 | ELO_SCORE    | PREDICTOR  
                HOME ADVANTAGE=[  3.42]                                               [  3.37]       [  3.41]
 251  Pennsylvania            =  67.56    9  22   72.73( 151)    0   0  |    0   4  |   67.26  253 |   67.79  244
 252  North Texas             =  67.51   11  19   69.95( 253)    0   2  |    0   3  |   66.98  256 |   67.96  239
 253  Hartford                =  67.48   17  14   69.25( 281)    0   0  |    0   1  |   67.75  243 |   67.16  256
 254  Holy Cross              =  67.40   12  18   70.97( 213)    0   0  |    0   0  |   67.35  249 |   67.39  252
 255  Wofford                 =  67.32   12  19   69.94( 254)    0   0  |    0   1  |   67.24  254 |   67.33  253
 256  Miami-Ohio              =  67.31    8  22   73.78( 128)    0   1  |    0   2  |   67.32  251 |   67.24  254
 257  North Dakota            =  67.28   14  17   68.47( 307)    0   1  |    0   1  |   67.57  247 |   66.94  261
 258  Texas State             =  66.99   11  22   71.88( 178)    0   0  |    0   0  |   66.66  261 |   67.24  255
 259  Cornell                 =  66.90   12  18   71.30( 194)    0   2  |    0   2  |   66.68  260 |   67.05  260
 260  Northern Kentucky       =  66.75   11  16   70.03( 251)    0   1  |    0   1  |   66.76  259 |   66.68  262
College Basketball 2012-2013          Div I games only   through 2013 March 22 Friday
                                RATING    W   L  SCHEDL(RANK) VS top 25 | VS top 50 | ELO_SCORE    | PREDICTOR  
                HOME ADVANTAGE=[  3.42]                                               [  3.37]       [  3.41]
 261  Liberty                 =  66.72   12  21   68.28( 315)    0   1  |    0   1  |   66.30  266 |   67.07  259
 262  Central Michigan        =  66.71   10  20   72.08( 170)    0   1  |    0   2  |   66.25  267 |   67.09  257
 263  Portland                =  66.41    9  21   75.23( 108)    0   3  |    0   8  |   66.65  262 |   66.10  264
 264  Tennessee Tech          =  66.35   10  17   71.02( 211)    0   0  |    0   1  |   66.80  258 |   65.83  268
 265  Maine                   =  66.28   10  19   70.40( 234)    0   0  |    0   0  |   66.44  264 |   66.07  265
 266  South Dakota            =  66.28    8  20   71.07( 209)    0   2  |    0   3  |   66.20  269 |   66.30  263
 267  Georgia Southern        =  66.15   12  19   69.60( 268)    0   0  |    0   1  |   66.43  265 |   65.79  269
 268  Jacksonville            =  65.93   12  18   70.30( 241)    0   2  |    0   2  |   66.22  268 |   65.56  272
 269  SE Louisiana            =  65.74   11  18   70.35( 238)    0   3  |    0   3  |   66.07  270 |   65.34  275
 270  Eastern Illinois        =  65.73   11  20   69.13( 284)    0   1  |    0   1  |   65.73  273 |   65.67  270
College Basketball 2012-2013          Div I games only   through 2013 March 22 Friday
                                RATING    W   L  SCHEDL(RANK) VS top 25 | VS top 50 | ELO_SCORE    | PREDICTOR  
                HOME ADVANTAGE=[  3.42]                                               [  3.37]       [  3.41]
 271  Lipscomb                =  65.71   11  18   71.57( 185)    0   1  |    0   3  |   66.61  263 |   64.67  287
 272  American U.             =  65.71   10  20   70.77( 219)    0   3  |    0   3  |   65.41  276 |   65.94  267
 273  Troy                    =  65.62   12  21   69.31( 277)    0   0  |    0   0  |   65.75  271 |   65.43  274
 274  Central Connecticut St. =  65.55   13  17   69.48( 273)    0   2  |    1   2  |   65.73  272 |   65.30  276
 275  Bethune-Cookman         =  65.49   12  20   68.35( 314)    0   1  |    0   1  |   65.41  277 |   65.52  273
 276  Milwaukee               =  65.37    6  24   73.48( 131)    0   1  |    0   1  |   65.66  275 |   65.02  282
 277  Winthrop                =  65.30   11  17   69.15( 283)    0   2  |    0   2  |   64.90  284 |   65.63  271
 278  NC Greensboro           =  65.29    7  22   68.65( 301)    0   0  |    0   1  |   64.47  292 |   66.00  266
 279  Delaware State          =  65.28   13  18   68.39( 313)    0   1  |    0   2  |   65.71  274 |   64.77  286
 280  Hofstra                 =  65.11    6  25   72.20( 167)    0   0  |    0   0  |   65.38  279 |   64.77  285
College Basketball 2012-2013          Div I games only   through 2013 March 22 Friday
                                RATING    W   L  SCHEDL(RANK) VS top 25 | VS top 50 | ELO_SCORE    | PREDICTOR  
                HOME ADVANTAGE=[  3.42]                                               [  3.37]       [  3.41]
 281  Dartmouth               =  65.10    8  19   71.15( 203)    0   0  |    0   0  |   64.94  283 |   65.20  278
 282  Sacred Heart            =  65.06    9  20   70.92( 216)    0   0  |    0   1  |   64.98  281 |   65.08  280
 283  Siena                   =  65.03    8  24   72.26( 163)    0   0  |    0   1  |   65.40  278 |   64.59  288
 284  NJIT(New Jersey Tech)   =  65.02   12  13   64.87( 345)    0   0  |    0   1  |   64.73  288 |   65.25  277
 285  Hampton                 =  64.98   14  17   66.71( 336)    0   0  |    0   0  |   64.86  285 |   65.05  281
 286  NC Wilmington           =  64.95    9  20   71.96( 175)    0   0  |    0   0  |   65.33  280 |   64.49  291
 287  New Hampshire           =  64.92    8  20   70.24( 246)    0   0  |    0   1  |   64.70  289 |   65.09  279
 288  Samford                 =  64.89   10  21   69.02( 287)    0   2  |    0   4  |   64.76  287 |   64.96  283
 289  VMI                     =  64.73   11  17   67.86( 322)    0   0  |    0   0  |   64.81  286 |   64.59  289
 290  Colgate                 =  64.61   11  21   71.13( 205)    0   2  |    0   3  |   64.29  293 |   64.87  284
College Basketball 2012-2013          Div I games only   through 2013 March 22 Friday
                                RATING    W   L  SCHEDL(RANK) VS top 25 | VS top 50 | ELO_SCORE    | PREDICTOR  
                HOME ADVANTAGE=[  3.42]                                               [  3.37]       [  3.41]
 291  Ark.-Pine Bluff         =  64.37   16  14   66.32( 338)    0   1  |    0   3  |   64.50  291 |   64.18  293
 292  McNeese State           =  64.29   11  17   69.78( 261)    0   2  |    0   2  |   64.59  290 |   63.93  297
 293  Saint Peter's           =  64.26    9  21   71.41( 189)    0   0  |    0   0  |   63.92  295 |   64.54  290
 294  Campbell                =  64.11   11  19   67.81( 326)    0   1  |    0   3  |   63.80  297 |   64.35  292
 295  Sacramento State        =  64.06   12  15   67.17( 331)    0   0  |    0   0  |   64.15  294 |   63.91  298
 296  East Tennessee State    =  64.06    9  22   72.55( 158)    0   4  |    0   4  |   64.97  282 |   62.98  304
 297  Eastern Washington      =  63.96   10  21   67.85( 323)    0   0  |    0   1  |   63.83  296 |   64.04  295
 298  Austin Peay             =  63.94    6  23   69.91( 256)    0   0  |    0   1  |   63.79  298 |   64.04  296
 299  Nicholls State          =  63.92    9  21   69.70( 266)    0   2  |    0   2  |   63.67  299 |   64.11  294
 300  Chattanooga             =  63.50   11  19   68.62( 302)    0   1  |    0   1  |   63.29  300 |   63.65  300
College Basketball 2012-2013          Div I games only   through 2013 March 22 Friday
                                RATING    W   L  SCHEDL(RANK) VS top 25 | VS top 50 | ELO_SCORE    | PREDICTOR  
                HOME ADVANTAGE=[  3.42]                                               [  3.37]       [  3.41]
 301  Utah Valley             =  63.48   10  18   67.33( 330)    0   0  |    0   0  |   63.19  302 |   63.69  299
 302  Rice                    =  63.22    4  25   73.25( 136)    0   0  |    0   2  |   62.98  305 |   63.40  301
 303  Central Arkansas        =  62.95   11  17   68.07( 316)    0   0  |    0   1  |   63.05  304 |   62.80  307
 304  Radford                 =  62.92   10  19   67.90( 321)    0   0  |    0   0  |   62.47  310 |   63.28  302
 305  Portland State          =  62.89    6  20   67.92( 320)    0   0  |    0   2  |   62.64  308 |   63.08  303
 306  Montana State           =  62.86   11  17   66.76( 334)    0   0  |    0   0  |   62.85  307 |   62.81  306
 307  SIU-Edwardsville        =  62.83    7  18   69.27( 279)    0   2  |    0   2  |   62.64  309 |   62.97  305
 308  San Jose State          =  62.64    8  20   71.97( 174)    0   1  |    0   1  |   62.98  306 |   62.24  310
 309  Northern Arizona        =  62.49   11  21   69.68( 267)    0   1  |    0   3  |   63.27  301 |   61.56  316
 310  UC Riverside            =  62.37    4  24   71.25( 195)    0   0  |    0   0  |   63.07  303 |   61.54  317
College Basketball 2012-2013          Div I games only   through 2013 March 22 Friday
                                RATING    W   L  SCHEDL(RANK) VS top 25 | VS top 50 | ELO_SCORE    | PREDICTOR  
                HOME ADVANTAGE=[  3.42]                                               [  3.37]       [  3.41]
 311  Southern Utah           =  62.33    9  20   68.44( 308)    0   1  |    0   1  |   62.46  311 |   62.15  311
 312  Chicago State           =  62.27    7  22   69.20( 282)    0   1  |    0   3  |   62.06  313 |   62.41  308
 313  Monmouth-NJ             =  62.07   10  21   70.02( 252)    0   1  |    0   4  |   62.02  315 |   62.06  312
 314  Texas A&M-CorpusChristi =  62.04    5  23   70.72( 221)    0   0  |    0   1  |   61.59  319 |   62.40  309
 315  Kansas City(UMKC)       =  61.90    7  24   70.87( 217)    0   3  |    0   4  |   62.18  312 |   61.56  315
 316  UMBC                    =  61.70    7  23   70.49( 230)    0   1  |    0   1  |   61.88  316 |   61.47  318
 317  Coppin State            =  61.59    7  24   70.23( 247)    0   1  |    0   2  |   61.31  320 |   61.80  314
 318  Jackson State           =  61.56   11  18   65.67( 343)    0   0  |    0   2  |   61.03  321 |   61.99  313
 319  Texas-Pan American      =  61.56   12  16   66.13( 341)    0   0  |    0   1  |   61.69  317 |   61.37  319
 320  Northern Illinois       =  61.52    4  25   71.49( 188)    0   0  |    0   0  |   61.68  318 |   61.31  320
College Basketball 2012-2013          Div I games only   through 2013 March 22 Friday
                                RATING    W   L  SCHEDL(RANK) VS top 25 | VS top 50 | ELO_SCORE    | PREDICTOR  
                HOME ADVANTAGE=[  3.42]                                               [  3.37]       [  3.41]
 321  Omaha(Neb.-Omaha)       =  61.35   10  19   70.11( 249)    0   1  |    0   2  |   62.03  314 |   60.54  323
 322  Navy                    =  61.10    7  23   69.70( 265)    0   0  |    0   0  |   61.02  322 |   61.13  321
 323  Prairie View A&M        =  60.50   12  19   64.83( 346)    0   0  |    0   1  |   60.63  323 |   60.31  324
 324  Idaho State             =  60.47    5  24   69.00( 288)    0   0  |    0   1  |   60.10  327 |   60.76  322
 325  Louisiana-Monroe        =  60.33    4  23   71.65( 183)    0   0  |    0   0  |   60.47  325 |   60.12  325
 326  Houston Baptist         =  60.25   11  17   66.28( 339)    0   0  |    0   1  |   60.49  324 |   59.95  328
 327  The Citadel             =  59.87    6  22   68.92( 293)    0   0  |    0   0  |   60.21  326 |   59.46  329
 328  Florida A&M             =  59.79    6  23   69.47( 274)    0   0  |    0   0  |   59.51  328 |   59.99  327
 329  IUPUI                   =  59.42    4  26   71.01( 212)    0   1  |    0   3  |   59.42  329 |   59.36  332
 330  Howard                  =  59.36    6  23   68.53( 304)    0   1  |    0   3  |   59.29  332 |   59.37  331
College Basketball 2012-2013          Div I games only   through 2013 March 22 Friday
                                RATING    W   L  SCHEDL(RANK) VS top 25 | VS top 50 | ELO_SCORE    | PREDICTOR  
                HOME ADVANTAGE=[  3.42]                                               [  3.37]       [  3.41]
 331  Kennesaw State          =  59.33    3  27   70.29( 243)    0   1  |    0   2  |   58.42  335 |   60.05  326
 332  Saint Francis-Pa.       =  59.22    5  24   69.90( 257)    0   0  |    0   1  |   59.09  333 |   59.30  333
 333  Tennessee-Martin        =  58.95    7  21   69.83( 260)    0   1  |    0   3  |   59.33  331 |   58.47  335
 334  Longwood                =  58.93    6  25   68.58( 303)    0   3  |    0   3  |   59.38  330 |   58.38  336
 335  Presbyterian College    =  58.71    5  24   69.08( 285)    0   2  |    0   2  |   58.35  336 |   58.99  334
 336  Furman                  =  58.55    5  24   69.43( 275)    0   0  |    0   0  |   58.82  334 |   58.20  338
 337  Alcorn State            =  58.38    9  23   67.74( 327)    0   2  |    0   4  |   57.04  339 |   59.37  330
 338  Alabama State           =  57.93    9  22   65.56( 344)    0   1  |    0   1  |   57.60  338 |   58.19  339
 339  Alabama A&M             =  57.61    9  20   65.75( 342)    0   0  |    0   1  |   56.80  341 |   58.24  337
 340  Fairleigh Dickinson     =  57.50    7  24   69.70( 264)    0   1  |    0   1  |   58.04  337 |   56.84  341
College Basketball 2012-2013          Div I games only   through 2013 March 22 Friday
                                RATING    W   L  SCHEDL(RANK) VS top 25 | VS top 50 | ELO_SCORE    | PREDICTOR  
                HOME ADVANTAGE=[  3.42]                                               [  3.37]       [  3.41]
 341  SC State                =  57.10    4  24   68.77( 298)    0   1  |    0   3  |   56.89  340 |   57.25  340
 342  MVSU(Miss. Valley St.)  =  56.42    5  23   66.76( 335)    0   1  |    0   3  |   55.98  343 |   56.77  342
 343  Md.-Eastern Shore(UMES) =  56.00    2  26   69.30( 278)    0   0  |    0   3  |   55.90  344 |   56.04  344
 344  Lamar                   =  55.97    3  28   70.94( 214)    0   1  |    0   3  |   55.78  345 |   56.09  343
 345  New Orleans             =  55.85    4  18   68.03( 317)    0   0  |    0   1  |   56.14  342 |   55.48  346
 346  Binghamton-NY           =  55.56    2  27   70.03( 250)    0   1  |    0   1  |   55.30  346 |   55.74  345
 347  Grambling State         =  44.10    0  28   66.21( 340)    0   0  |    0   0  |   43.54  347 |   44.50  347
_________________________________________________________________________________________________________________